partiesfile version 1
132 132
 1 0 0 p_main_party Main_Party 1048576 0 0 13 0 0 0 0 0 17.000000 52.500000 17.000000 52.500000 17.000000 52.500000 0.0 1 0 1 0 0 
0.000000
 1 1 1 p_temp_party temp_party 256 0 0 1 0 0 0 0 0 0.000000 0.000000 0.000000 0.000000 0.000000 0.000000 0.0 0 
0.000000
 1 2 2 p_camp_bandits camp_bandits 256 0 0 2 0 0 0 0 0 1.000000 1.000000 1.000000 1.000000 1.000000 1.000000 0.0 1 3 3 0 0 
0.000000
 1 3 3 p_temp_party_2 temp_party_2 256 0 0 1 0 0 0 0 0 0.000000 0.000000 0.000000 0.000000 0.000000 0.000000 0.0 0 
0.000000
 1 4 4 p_temp_casualties casualties 256 0 0 5 0 0 0 0 0 1.000000 1.000000 1.000000 1.000000 1.000000 1.000000 0.0 0 
0.000000
 1 5 5 p_temp_casualties_2 casualties 256 0 0 5 0 0 0 0 0 1.000000 1.000000 1.000000 1.000000 1.000000 1.000000 0.0 0 
0.000000
 1 6 6 p_temp_casualties_3 casualties 256 0 0 5 0 0 0 0 0 1.000000 1.000000 1.000000 1.000000 1.000000 1.000000 0.0 0 
0.000000
 1 7 7 p_temp_wounded enemies_wounded 256 0 0 5 0 0 0 0 0 1.000000 1.000000 1.000000 1.000000 1.000000 1.000000 0.0 0 
0.000000
 1 8 8 p_temp_killed enemies_killed 256 0 0 5 0 0 0 0 0 1.000000 1.000000 1.000000 1.000000 1.000000 1.000000 0.0 0 
0.000000
 1 9 9 p_main_party_backup _ 256 0 0 5 0 0 0 0 0 1.000000 1.000000 1.000000 1.000000 1.000000 1.000000 0.0 0 
0.000000
 1 10 10 p_encountered_party_backup _ 256 0 0 5 0 0 0 0 0 1.000000 1.000000 1.000000 1.000000 1.000000 1.000000 0.0 0 
0.000000
 1 11 11 p_collective_friends_backup _ 256 0 0 5 0 0 0 0 0 1.000000 1.000000 1.000000 1.000000 1.000000 1.000000 0.0 0 
0.000000
 1 12 12 p_player_casualties _ 256 0 0 5 0 0 0 0 0 1.000000 1.000000 1.000000 1.000000 1.000000 1.000000 0.0 0 
0.000000
 1 13 13 p_enemy_casualties _ 256 0 0 5 0 0 0 0 0 1.000000 1.000000 1.000000 1.000000 1.000000 1.000000 0.0 0 
0.000000
 1 14 14 p_ally_casualties _ 256 0 0 5 0 0 0 0 0 1.000000 1.000000 1.000000 1.000000 1.000000 1.000000 0.0 0 
0.000000
 1 15 15 p_collective_enemy collective_enemy 256 0 0 5 0 0 0 0 0 1.000000 1.000000 1.000000 1.000000 1.000000 1.000000 0.0 0 
0.000000
 1 16 16 p_collective_ally collective_ally 256 0 0 5 0 0 0 0 0 1.000000 1.000000 1.000000 1.000000 1.000000 1.000000 0.0 0 
0.000000
 1 17 17 p_collective_friends collective_ally 256 0 0 5 0 0 0 0 0 1.000000 1.000000 1.000000 1.000000 1.000000 1.000000 0.0 0 
0.000000
 1 18 18 p_main_party_separated _ 256 0 0 5 0 0 0 0 0 1.000000 1.000000 1.000000 1.000000 1.000000 1.000000 0.0 0 
0.000000
 1 19 19 p_zendar Zendar 2114822 0 0 5 0 0 0 0 0 16.070000 58.550000 16.070000 58.550000 16.070000 58.550000 0.0 0 
0.000000
 1 20 20 p_town_1 El_Paso 4219923 0 0 5 0 0 0 0 0 48.000000 -16.000000 48.000000 -16.000000 48.000000 -16.000000 0.0 0 
2.268928
 1 21 21 p_town_2 Bishop's_Lodge 4219924 0 0 5 0 0 0 0 0 -17.330000 5.030000 -17.330000 5.030000 -17.330000 5.030000 0.0 0 
2.094395
 1 22 22 p_town_3 Cottonwood 4219923 0 0 5 0 0 0 0 0 -13.080000 55.860000 -13.080000 55.860000 -13.080000 55.860000 0.0 0 
1.396263
 1 23 23 p_town_4 San_Casteabro 4219931 0 0 5 0 0 0 0 0 66.920000 9.670000 66.920000 9.670000 66.920000 9.670000 0.0 0 
5.061455
 1 24 24 p_town_5 El_Rio 4219931 0 0 5 0 0 0 0 0 29.220000 29.660000 29.220000 29.660000 29.220000 29.660000 0.0 0 
0.000000
 1 25 25 p_town_6 Buena_Fortuna 4219931 0 0 5 0 0 0 0 0 -72.860000 68.430000 -72.860000 68.430000 -72.860000 68.430000 0.0 0 
2.705260
 1 26 26 p_town_7 Kuhtu 4219937 0 0 5 0 0 0 0 0 -64.210000 -21.460000 -64.210000 -21.460000 -64.210000 -21.460000 0.0 0 
4.188790
 1 27 27 p_town_8 Bikohyooyaa 4219937 0 0 5 0 0 0 0 0 17.130000 -64.770000 17.130000 -64.770000 17.130000 -64.770000 0.0 0 
3.054326
 1 28 28 p_town_1b El_Paso_Hotel 4211733 0 0 5 0 0 0 0 0 49.450000 -14.500000 49.450000 -14.500000 49.450000 -14.500000 0.0 0 
3.839724
 1 29 29 p_town_2b Bishop's_Lodge_Hotel 4211733 0 0 5 0 0 0 0 0 -17.130000 7.270000 -17.130000 7.270000 -17.130000 7.270000 0.0 0 
2.094395
 1 30 30 p_town_3b Cottonwood_Hotel 4211733 0 0 5 0 0 0 0 0 -11.000000 55.750000 -11.000000 55.750000 -11.000000 55.750000 0.0 0 
2.967060
 1 31 31 p_town_4b Hotel_San_Casteabro 4211740 0 0 5 0 0 0 0 0 64.840000 11.270000 64.840000 11.270000 64.840000 11.270000 0.0 0 
5.061455
 1 32 32 p_town_5b Hotel_del_Rio 4211740 0 0 5 0 0 0 0 0 27.010000 28.340000 27.010000 28.340000 27.010000 28.340000 0.0 0 
1.570796
 1 33 33 p_town_6b Hotel_Buena_Fortuna 4211740 0 0 5 0 0 0 0 0 -75.060000 68.880000 -75.060000 68.880000 -75.060000 68.880000 0.0 0 
2.705260
 1 34 34 p_village_7b Shady_Valley_Hotel 4211736 0 0 5 0 0 0 0 0 -9.170000 20.900000 -9.170000 20.900000 -9.170000 20.900000 0.0 0 
3.490658
 1 35 35 p_village_9b Hotel_Vista_del_Sol 4211738 0 0 5 0 0 0 0 0 38.090000 34.580000 38.090000 34.580000 38.090000 34.580000 0.0 0 
2.268928
 1 36 36 p_village_17b Salvation_Hotel 4211736 0 0 5 0 0 0 0 0 31.980000 1.790000 31.980000 1.790000 31.980000 1.790000 0.0 0 
3.752458
 1 37 37 p_castle_1 Camp_Luther 4215845 0 0 5 0 0 0 0 0 -24.580000 -4.660000 -24.580000 -4.660000 -24.580000 -4.660000 0.0 0 
0.872665
 1 38 38 p_castle_2 Fort_Helena 4215845 0 0 5 0 0 0 0 0 50.030000 -42.550000 50.030000 -42.550000 50.030000 -42.550000 0.0 0 
1.308997
 1 39 39 p_castle_3 Fort_Miles 4215845 0 0 5 0 0 0 0 0 0.000000 -20.000000 0.000000 -20.000000 0.000000 -20.000000 0.0 0 
1.745329
 1 40 40 p_castle_4 Fort_Frederic 4215845 0 0 5 0 0 0 0 0 5.070000 48.860000 5.070000 48.860000 5.070000 48.860000 0.0 0 
3.141593
 1 41 41 p_castle_5 Fuerte_del_Sol 4215856 0 0 5 0 0 0 0 0 9.840000 85.920000 9.840000 85.920000 9.840000 85.920000 0.0 0 
1.570796
 1 42 42 p_castle_6 Tupi_Sokoobi 4215845 0 0 5 0 0 0 0 0 -70.050000 2.970000 -70.050000 2.970000 -70.050000 2.970000 0.0 0 
0.959931
 1 43 43 p_castle_7 Fuerte_de_los_Rios 4215856 0 0 5 0 0 0 0 0 28.010000 57.020000 28.010000 57.020000 28.010000 57.020000 0.0 0 
0.785398
 1 44 44 p_castle_8 Fuerte_Robusta 4215856 0 0 5 0 0 0 0 0 -57.180000 80.550000 -57.180000 80.550000 -57.180000 80.550000 0.0 0 
0.523599
 1 45 45 p_castle_9 Nchaago_Inlwozh 4215845 0 0 5 0 0 0 0 0 34.230000 -55.650000 34.230000 -55.650000 34.230000 -55.650000 0.0 0 
1.745329
 1 46 46 p_castle_10 Dziilcho 4215845 0 0 5 0 0 0 0 0 4.190000 -52.950000 4.190000 -52.950000 4.190000 -52.950000 0.0 0 
1.919862
 1 47 47 p_castle_11 Tupi_Wunu 4215845 0 0 5 0 0 0 0 0 -41.000000 -2.470000 -41.000000 -2.470000 -41.000000 -2.470000 0.0 0 
1.308997
 1 48 48 p_castle_12 Fuerte_Impenetrable 4215856 0 0 5 0 0 0 0 0 50.000000 35.080000 50.000000 35.080000 50.000000 35.080000 0.0 0 
1.658063
 1 49 49 p_village_1 Desperation 2114583 0 0 5 0 0 0 0 0 -29.400000 40.540000 -29.400000 40.540000 -29.400000 40.540000 0.0 0 
1.745329
 1 50 50 p_village_2 Nadahstan 2114594 0 0 5 0 0 0 0 0 11.790000 -51.370000 11.790000 -51.370000 11.790000 -51.370000 0.0 0 
1.919862
 1 51 51 p_village_3 Pueblo_del_Cactus 2114585 0 0 5 0 0 0 0 0 66.500000 27.760000 66.500000 27.760000 66.500000 27.760000 0.0 0 
2.094395
 1 52 52 p_village_4 Santo_Poco 2114585 0 0 5 0 0 0 0 0 18.810000 87.400000 18.810000 87.400000 18.810000 87.400000 0.0 0 
2.268928
 1 53 53 p_village_5 Robertston 2114583 0 0 5 0 0 0 0 0 -15.400000 82.130000 -15.400000 82.130000 -15.400000 82.130000 0.0 0 
2.967060
 1 54 54 p_village_6 Rock_Ridge 2114583 0 0 5 0 0 0 0 0 -12.120000 -11.000000 -12.120000 -11.000000 -12.120000 -11.000000 0.0 0 
1.745329
 1 55 55 p_village_7 Shady_Valley 2114583 0 0 5 0 0 0 0 0 -8.790000 19.620000 -8.790000 19.620000 -8.790000 19.620000 0.0 0 
1.919862
 1 56 56 p_village_8 Aguas_Ponzonosas 2114585 0 0 5 0 0 0 0 0 -86.160000 60.860000 -86.160000 60.860000 -86.160000 60.860000 0.0 0 
2.094395
 1 57 57 p_village_9 Vista_del_Sol 2114585 0 0 5 0 0 0 0 0 39.380000 32.970000 39.380000 32.970000 39.380000 32.970000 0.0 0 
2.268928
 1 58 58 p_village_10 La_Cumbre 2114585 0 0 5 0 0 0 0 0 -60.640000 94.990000 -60.640000 94.990000 -60.640000 94.990000 0.0 0 
2.967060
 1 59 59 p_village_11 Nadawisgah 2114594 0 0 5 0 0 0 0 0 32.900000 -74.000000 32.900000 -74.000000 32.900000 -74.000000 0.0 0 
1.745329
 1 60 60 p_village_12 Ata_Kahni 2114594 0 0 5 0 0 0 0 0 -54.990000 -10.260000 -54.990000 -10.260000 -54.990000 -10.260000 0.0 0 
1.919862
 1 61 61 p_village_13 Tumblewood 2114583 0 0 5 0 0 0 0 0 26.850000 -15.600000 26.850000 -15.600000 26.850000 -15.600000 0.0 0 
2.094395
 1 62 62 p_village_14 Dunas_Altas 2114585 0 0 5 0 0 0 0 0 40.000000 52.000000 40.000000 52.000000 40.000000 52.000000 0.0 0 
2.268928
 1 63 63 p_village_15 Arenas_Rojas 2114585 0 0 5 0 0 0 0 0 -78.310000 83.090000 -78.310000 83.090000 -78.310000 83.090000 0.0 0 
2.967060
 1 64 64 p_village_16 Tres_Piedras 2114585 0 0 5 0 0 0 0 0 73.500000 -15.970000 73.500000 -15.970000 73.500000 -15.970000 0.0 0 
2.967060
 1 65 65 p_village_17 Salvation 2114583 0 0 5 0 0 0 0 0 32.920000 0.560000 32.920000 0.560000 32.920000 0.560000 0.0 0 
2.181662
 1 66 66 p_village_18 Riverton 2114583 0 0 5 0 0 0 0 0 -37.570000 56.570000 -37.570000 56.570000 -37.570000 56.570000 0.0 0 
2.967060
 1 67 67 p_village_19 Benton's_Mill 2114583 0 0 5 0 0 0 0 0 63.240000 -39.920000 63.240000 -39.920000 63.240000 -39.920000 0.0 0 
0.523599
 1 68 68 p_village_20 Puerta_del_Desierto 2114585 0 0 5 0 0 0 0 0 83.540000 11.360000 83.540000 11.360000 83.540000 11.360000 0.0 0 
2.967060
 1 69 69 p_village_21 Tannersville 2114583 0 0 5 0 0 0 0 0 -2.520000 3.910000 -2.520000 3.910000 -2.520000 3.910000 0.0 0 
1.745329
 1 70 70 p_village_22 Eureka 2114583 0 0 5 0 0 0 0 0 0.160000 66.250000 0.160000 66.250000 0.160000 66.250000 0.0 0 
1.919862
 1 71 71 p_village_23 Taibo_Suku'i 2114594 0 0 5 0 0 0 0 0 -54.200000 -29.610000 -54.200000 -29.610000 -54.200000 -29.610000 0.0 0 
2.094395
 1 72 72 p_village_24 Nuetutsi 2114594 0 0 5 0 0 0 0 0 -80.980000 -13.010000 -80.980000 -13.010000 -80.980000 -13.010000 0.0 0 
2.268928
 1 73 73 p_village_25 Deeschii' 2114594 0 0 5 0 0 0 0 0 6.650000 -72.460000 6.650000 -72.460000 6.650000 -72.460000 0.0 0 
2.967060
 1 74 74 p_village_26 Jansen-Williamson_Ranch 2114583 0 0 5 0 0 0 0 0 -19.900000 58.000000 -19.900000 58.000000 -19.900000 58.000000 0.0 0 
2.967060
 1 75 75 p_bank_1 El_Paso_Bank 2114582 0 0 5 0 0 0 0 0 47.140000 -17.400000 47.140000 -17.400000 47.140000 -17.400000 0.0 0 
0.698132
 1 76 76 p_bank_2 El_Rio_Bank 2114589 0 0 5 0 0 0 0 0 29.350000 32.460000 29.350000 32.460000 29.350000 32.460000 0.0 0 
0.000000
 1 77 77 p_salt_mine Salt_Mine 2114824 0 0 5 0 0 0 0 0 14.200000 -31.000000 14.200000 -31.000000 14.200000 -31.000000 0.0 0 
0.000000
 1 78 78 p_four_ways_inn Four_Ways_Inn 2114824 0 0 5 0 0 0 0 0 4.800000 -39.600000 4.800000 -39.600000 4.800000 -39.600000 0.0 0 
0.000000
 1 79 79 p_test_scene test_scene 2114824 0 0 5 0 0 0 0 0 10.800000 -19.600000 10.800000 -19.600000 10.800000 -19.600000 0.0 0 
0.000000
 1 80 80 p_battlefields battlefields 2114824 0 0 5 0 0 0 0 0 10.800000 -16.600000 10.800000 -16.600000 10.800000 -16.600000 0.0 0 
0.000000
 1 81 81 p_dhorak_keep Dhorak_Keep 2639110 0 0 5 0 0 0 0 0 -50.000000 -58.000000 -50.000000 -58.000000 -50.000000 -58.000000 0.0 0 
0.000000
 1 82 82 p_mine_1 Mine 2114851 0 0 5 0 0 0 0 0 -43.420000 13.250000 -43.420000 13.250000 -43.420000 13.250000 0.0 0 
6.108652
 1 83 83 p_graveyard_1 Graveyard 2098216 0 0 5 0 0 0 0 0 57.000000 -3.000000 57.000000 -3.000000 57.000000 -3.000000 0.0 0 
6.108652
 1 84 84 p_telegraph_1 _ 541735 0 0 5 0 0 0 0 0 5.000000 -17.000000 5.000000 -17.000000 5.000000 -17.000000 0.0 0 
6.108652
 1 85 85 p_old_cabin Old_Cabin 2114598 0 0 5 0 0 0 0 0 -56.000000 -82.000000 -56.000000 -82.000000 -56.000000 -82.000000 0.0 0 
6.108652
 1 86 86 p_tull Tull 2098195 0 0 5 0 0 0 0 0 -12.120000 -42.550000 -12.120000 -42.550000 -12.120000 -42.550000 0.0 0 
6.108652
 1 87 87 p_target Mission_Target 2114857 0 0 5 0 0 0 0 0 -24.200000 -75.000000 -24.200000 -75.000000 -24.200000 -75.000000 0.0 0 
0.000000
 1 88 88 p_bl_station Station 2638886 0 0 5 0 0 0 0 0 -18.130000 8.270000 -18.130000 8.270000 -18.130000 8.270000 0.0 0 
6.108652
 1 89 89 p_bounty_hunters_honorable_ambush Ambush_Location 524607 0 0 51 0 0 0 0 0 -18.130000 6.270000 -18.130000 6.270000 -18.130000 6.270000 0.0 0 
6.108652
 1 90 90 p_bounty_hunters_dishonorable_ambush Ambush_Location 524607 0 0 51 0 0 0 0 0 -18.130000 7.270000 -18.130000 7.270000 -18.130000 7.270000 0.0 0 
6.108652
 1 91 91 p_training_ground Training_Ground 2114880 0 0 5 0 0 0 0 0 3.000000 -7.000000 3.000000 -7.000000 3.000000 -7.000000 0.0 0 
0.000000
 1 92 92 p_training_ground_1 Training_Field 2118720 0 0 5 0 0 0 0 0 46.890000 60.010000 46.890000 60.010000 46.890000 60.010000 0.0 0 
1.745329
 1 93 93 p_training_ground_2 Training_Field 2118720 0 0 5 0 0 0 0 0 -38.000000 81.700000 -38.000000 81.700000 -38.000000 81.700000 0.0 0 
1.745329
 1 94 94 p_training_ground_3 Training_Field 2118720 0 0 5 0 0 0 0 0 88.900000 17.560000 88.900000 17.560000 88.900000 17.560000 0.0 0 
1.745329
 1 95 95 p_training_ground_4 Training_Field 2118720 0 0 5 0 0 0 0 0 9.500000 -80.500000 9.500000 -80.500000 9.500000 -80.500000 0.0 0 
1.745329
 1 96 96 p_training_ground_5 Training_Field 2118720 0 0 5 0 0 0 0 0 -34.750000 -30.300000 -34.750000 -30.300000 -34.750000 -30.300000 0.0 0 
1.745329
 1 97 97 p_forest_bandit_spawn_point_1 forest_bandit_sp_1 1280 0 0 2 0 0 0 0 0 39.210000 60.170000 39.210000 60.170000 39.210000 60.170000 0.0 0 
0.000000
 1 98 98 p_forest_bandit_spawn_point_2 forest_bandit_sp_2 1280 0 0 2 0 0 0 0 0 -8.150000 -34.270000 -8.150000 -34.270000 -8.150000 -34.270000 0.0 0 
0.000000
 1 99 99 p_mountain_bandit_spawn_point_1 mountain_bandit_sp_1 1280 0 0 2 0 0 0 0 0 -11.000000 30.920000 -11.000000 30.920000 -11.000000 30.920000 0.0 0 
0.000000
 1 100 100 p_mountain_bandit_spawn_point_2 mountain_bandit_sp_2 1280 0 0 2 0 0 0 0 0 -47.370000 16.310000 -47.370000 16.310000 -47.370000 16.310000 0.0 0 
0.000000
 1 101 101 p_indian_raider_spawn_point_1 indian_raider_sp_1 1280 0 0 2 0 0 0 0 0 48.830000 -60.060000 48.830000 -60.060000 48.830000 -60.060000 0.0 0 
0.000000
 1 102 102 p_indian_raider_spawn_point_2 indian_raider_sp_2 1280 0 0 2 0 0 0 0 0 -26.670000 -39.940000 -26.670000 -39.940000 -26.670000 -39.940000 0.0 0 
0.000000
 1 103 103 p_indian_raider_spawn_point_3 indian_raider_sp_3 1280 0 0 2 0 0 0 0 0 -83.000000 28.000000 -83.000000 28.000000 -83.000000 28.000000 0.0 0 
0.000000
 1 104 104 p_scalphunter_spawn_point_1 scalphunter_sp_1 1280 0 0 2 0 0 0 0 0 63.610000 -50.730000 63.610000 -50.730000 63.610000 -50.730000 0.0 0 
0.000000
 1 105 105 p_scalphunter_spawn_point_2 scalphunter_sp_2 1280 0 0 2 0 0 0 0 0 10.290000 30.520000 10.290000 30.520000 10.290000 30.520000 0.0 0 
0.000000
 1 106 106 p_scalphunter_spawn_point_3 scalphunter_sp_3 1280 0 0 2 0 0 0 0 0 -55.730000 35.840000 -55.730000 35.840000 -55.730000 35.840000 0.0 0 
0.000000
 1 107 107 p_trapper_spawn_point_1 trapper_sp_1 1280 0 0 2 0 0 0 0 0 -38.770000 -56.630000 -38.770000 -56.630000 -38.770000 -56.630000 0.0 0 
0.000000
 1 108 108 p_trapper_spawn_point_2 trapper_sp_2 1280 0 0 2 0 0 0 0 0 61.690000 -47.320000 61.690000 -47.320000 61.690000 -47.320000 0.0 0 
0.000000
 1 109 109 p_trapper_spawn_point_3 trapper_sp_3 1280 0 0 2 0 0 0 0 0 -32.600000 73.450000 -32.600000 73.450000 -32.600000 73.450000 0.0 0 
0.000000
 1 110 110 p_miner_spawn_point_1 miner_sp_1 1280 0 0 2 0 0 0 0 0 -42.140000 13.090000 -42.140000 13.090000 -42.140000 13.090000 0.0 0 
0.000000
 1 111 111 p_miner_spawn_point_2 miner_sp_2 1280 0 0 2 0 0 0 0 0 -31.050000 8.600000 -31.050000 8.600000 -31.050000 8.600000 0.0 0 
0.000000
 1 112 112 p_miner_spawn_point_3 miner_sp_3 1280 0 0 2 0 0 0 0 0 34.890000 -21.350000 34.890000 -21.350000 34.890000 -21.350000 0.0 0 
0.000000
 1 113 113 p_homesteader_spawn_point_1 homesteader_sp_1 1280 0 0 2 0 0 0 0 0 -28.000000 -21.980000 -28.000000 -21.980000 -28.000000 -21.980000 0.0 0 
0.000000
 1 114 114 p_homesteader_spawn_point_2 homesteader_sp_2 1280 0 0 2 0 0 0 0 0 -104.950000 37.650000 -104.950000 37.650000 -104.950000 37.650000 0.0 0 
0.000000
 1 115 115 p_homesteader_spawn_point_3 homesteader_sp_3 1280 0 0 2 0 0 0 0 0 40.360000 16.360000 40.360000 16.360000 40.360000 16.360000 0.0 0 
0.000000
 1 116 116 p_imperialist_spawn_point_1 imperialist_sp_1 1280 0 0 2 0 0 0 0 0 83.300000 -13.190000 83.300000 -13.190000 83.300000 -13.190000 0.0 0 
0.000000
 1 117 117 p_imperialist_spawn_point_2 imperialist_sp_2 1280 0 0 2 0 0 0 0 0 55.610000 46.950000 55.610000 46.950000 55.610000 46.950000 0.0 0 
0.000000
 1 118 118 p_imperialist_spawn_point_3 imperialist_sp_3 1280 0 0 2 0 0 0 0 0 29.390000 75.770000 29.390000 75.770000 29.390000 75.770000 0.0 0 
0.000000
 1 119 119 p_confederate_renegade_spawn_point_1 confederate_renegade_sp_1 1280 0 0 2 0 0 0 0 0 -83.620000 22.020000 -83.620000 22.020000 -83.620000 22.020000 0.0 0 
0.000000
 1 120 120 p_confederate_renegade_spawn_point_2 confederate_renegade_sp_2 1280 0 0 2 0 0 0 0 0 -14.330000 23.940000 -14.330000 23.940000 -14.330000 23.940000 0.0 0 
0.000000
 1 121 121 p_confederate_renegade_spawn_point_3 confederate_renegade_sp_3 1280 0 0 2 0 0 0 0 0 61.670000 -53.140000 61.670000 -53.140000 61.670000 -53.140000 0.0 0 
0.000000
 1 122 122 p_deer_spawn_point_1 deer_sp_1 1280 0 0 2 0 0 0 0 0 -35.550000 -19.300000 -35.550000 -19.300000 -35.550000 -19.300000 0.0 0 
0.000000
 1 123 123 p_deer_spawn_point_2 deer_sp_2 1280 0 0 2 0 0 0 0 0 61.210000 -46.920000 61.210000 -46.920000 61.210000 -46.920000 0.0 0 
0.000000
 1 124 124 p_deer_spawn_point_3 deer_sp_3 1280 0 0 2 0 0 0 0 0 44.950000 59.810000 44.950000 59.810000 44.950000 59.810000 0.0 0 
0.000000
 1 125 125 p_deer_spawn_point_4 deer_sp_4 1280 0 0 2 0 0 0 0 0 -18.280000 -2.570000 -18.280000 -2.570000 -18.280000 -2.570000 0.0 0 
0.000000
 1 126 126 p_deer_spawn_point_5 deer_sp_5 1280 0 0 2 0 0 0 0 0 -64.010000 -74.550000 -64.010000 -74.550000 -64.010000 -74.550000 0.0 0 
0.000000
 1 127 127 p_deer_spawn_point_6 deer_sp_6 1280 0 0 2 0 0 0 0 0 -56.000000 -82.000000 -56.000000 -82.000000 -56.000000 -82.000000 0.0 0 
0.000000
 1 128 128 p_buffalo_spawn_point_1 buffalo_sp_1 1280 0 0 2 0 0 0 0 0 29.920000 -84.570000 29.920000 -84.570000 29.920000 -84.570000 0.0 0 
0.000000
 1 129 129 p_buffalo_spawn_point_2 buffalo_sp_2 1280 0 0 2 0 0 0 0 0 -68.990000 -10.540000 -68.990000 -10.540000 -68.990000 -10.540000 0.0 0 
0.000000
 1 130 130 p_buffalo_spawn_point_3 buffalo_sp_3 1280 0 0 2 0 0 0 0 0 -98.890000 36.910000 -98.890000 36.910000 -98.890000 36.910000 0.0 0 
0.000000
 1 131 131 p_spawn_points_end last_spawn_point 1280 0 0 1 0 0 0 0 0 0.000000 0.000000 0.000000 0.000000 0.000000 0.000000 0.0 0 
0.000000
