simple_triggers_file version 1
102
-6.000000  0 
-5.000000  0 
1.000000  8 32 2 144115188075856106 0 32 2 144115188075856095 0 30 2 144115188075856103 1 2270 1 1224979098644774912 31 2 144115188075856102 0 30 2 1224979098644774912 144115188075856107 2147485921 0 1030 3 0 0 0 
0.000000  4 31 2 144115188075856152 1 32 2 144115188075855956 0 132 1 144115188075855956 1623 3 648518346341351424 144115188075855956 0 
0.000000  40 4 0 32 2 144115188075856124 0 1680 2 1224979098644774912 144115188075856124 32 2 1224979098644774912 0 2204 2 1224979098644774913 144115188075856124 2190 3 1224979098644774914 1224979098644774913 432345564227567630 2204 2 1224979098644774915 1224979098644774912 2190 3 1224979098644774916 1224979098644774915 432345564227567630 30 2 1224979098644774914 0 2147483678 2 1224979098644774916 0 1300 1 144115188075856124 1030 3 0 0 0 5 0 2270 1 1224979098644774917 2133 2 1224979098644774918 0 4 0 2147483679 2 144115188075856419 0 30 2 1224979098644774917 144115188075856419 2133 2 1224979098644774918 1 2133 2 144115188075856419 0 3 0 1073741855 2 1224979098644774918 1 37 0 4 0 30 2 144115188075855955 1 2060 1 144115188075855955 2133 2 144115188075855955 -1 5 0 30 2 144115188075855992 1 1300 1 144115188075855992 5 0 30 2 144115188075856106 1 1300 1 144115188075856106 5 0 30 2 144115188075856060 1 2133 2 144115188075856060 0 2133 2 144115188075856059 0 1106 1 1585267068834415234 3 0 3 0 
0.000000  19 560 3 360287970189640174 0 1 520 3 1224979098644774912 360287970189640174 0 520 3 144115188075856429 360287970189640175 0 520 3 144115188075856430 360287970189640176 0 2060 1 1224979098644774912 2133 2 1224979098644774913 2 6 3 1224979098644774914 1 1224979098644774913 4 0 560 3 360287970189640174 1224979098644774914 1 2105 2 1224979098644774913 1 3 0 2121 3 1224979098644774915 1224979098644774914 1 520 3 1224979098644774916 360287970189640174 1224979098644774914 500 3 360287970189640174 1224979098644774915 1224979098644774916 520 3 1224979098644774916 360287970189640175 1224979098644774914 500 3 360287970189640175 1224979098644774915 1224979098644774916 520 3 1224979098644774916 360287970189640176 1224979098644774914 500 3 360287970189640176 1224979098644774915 1224979098644774916 3 0 
1.000000  2 37 0 1 2 936748722493063527 65536 
1.000000  23 30 2 144115188075856119 1 4 0 2147483679 2 144115188075856152 0 1030 3 0 0 0 2133 2 144115188075856119 0 5 0 37 0 2133 2 144115188075856119 0 5 0 1073742365 3 144115188075856119 35 2 541 3 144115188075856119 35 4 1300 1 144115188075856119 1030 1 0 2133 2 144115188075856119 0 2133 2 144115188075856122 1 5 0 541 3 144115188075856119 35 1 1030 3 3 5 1 5 0 1030 3 0 0 0 2133 2 144115188075856119 0 2133 2 144115188075856122 0 3 0 
168.000000  8 1 1 936748722493063286 2133 2 1224979098644774912 72057594037927936 2120 3 1224979098644774913 1224979098644774912 144115188075856065 4 0 32 2 1224979098644774913 0 2060 1 864691128455135265 3 0 2133 2 144115188075856431 0 
6.000000  11 2270 1 1224979098644774912 4 0 30 2 1224979098644774912 144115188075855962 1 3 936748722493063210 648518346341351424 0 2133 2 1224979098644774913 72057594037927936 2108 2 1224979098644774913 2 2105 2 1224979098644774913 30 1 2 936748722493063390 1224979098644774913 2105 2 144115188075855961 72057594037927936 2120 3 144115188075855962 1224979098644774912 168 3 0 
24.000000  7 2147483680 2 144115188075855955 0 32 2 144115188075856154 0 2147483679 2 144115188075856154 432345564227567630 31 2 144115188075855959 0 2272 1 1224979098644774912 32 2 1224979098644774912 144115188075855963 2060 1 864691128455135320 
180.000000  2 2106 2 144115188075856362 1 2111 2 144115188075856362 0 
24.000000  4 31 2 144115188075855980 1 540 3 360287970189639680 13 0 2147483680 2 144115188075855955 0 900 1 1513209474796486657 
24.000000  17 1 1 936748722493063331 2133 2 1224979098644774912 72057594037927936 1671 2 1224979098644774913 648518346341351424 2121 3 1224979098644774914 1224979098644774912 1224979098644774913 2123 3 1224979098644774915 1224979098644774914 5 2122 3 1224979098644774916 1224979098644774915 5 4 0 2147483679 2 1224979098644774916 1224979098644774914 4 0 32 2 1224979098644774914 0 2105 2 1224979098644774915 1 5 0 2106 2 1224979098644774915 1 3 0 3 0 2105 2 1224979098644774913 1224979098644774915 1672 2 648518346341351424 1224979098644774913 
168.000000  12 6 3 1224979098644774912 648518346341351444 648518346341351501 1651 2 1224979098644774913 1224979098644774912 7 3 1224979098644774914 0 1224979098644774913 1656 3 1224979098644774915 1224979098644774912 1224979098644774914 2147485155 1 1224979098644774915 1657 3 1224979098644774916 1224979098644774912 1224979098644774914 2136 3 1224979098644774917 0 40 2107 2 1224979098644774916 1224979098644774917 2108 2 1224979098644774916 100 1616 3 1224979098644774912 1224979098644774915 1224979098644774916 3 0 3 0 
168.000000  31 6 3 1224979098644774912 360287970189639900 360287970189639964 520 3 1224979098644774913 1224979098644774912 21 2107 2 1224979098644774913 101 2108 2 1224979098644774913 100 500 3 1224979098644774912 21 1224979098644774913 1 2 936748722493063287 1224979098644774912 3 0 6 3 1224979098644774914 648518346341351444 648518346341351473 2147484189 3 1224979098644774914 7 360287970189639680 561 3 1224979098644774914 7 1 521 3 1224979098644774915 1224979098644774914 49 521 3 1224979098644774916 1224979098644774914 50 4 0 33 3 1224979098644774914 648518346341351452 648518346341351461 2122 3 1224979098644774917 1224979098644774916 7 2105 2 1224979098644774917 300 5 0 2122 3 1224979098644774917 1224979098644774916 15 2105 2 1224979098644774917 700 3 0 4 0 541 3 1224979098644774914 0 3 2107 2 1224979098644774917 3 2108 2 1224979098644774917 2 3 0 2105 2 1224979098644774915 1224979098644774917 1 2 936748722493063285 1224979098644774914 2106 2 1224979098644774915 72057594037927936 2111 2 1224979098644774915 0 501 3 1224979098644774914 49 1224979098644774915 3 0 
24.000000  20 6 3 1224979098644774912 360287970189639900 360287970189639964 520 3 1224979098644774913 1224979098644774912 10 30 2 1224979098644774913 1 1694 2 1224979098644774914 1224979098644774913 33 3 1224979098644774914 648518346341351444 648518346341351501 541 3 1224979098644774914 54 -1 1 2 936748722493063289 1224979098644774912 3 0 6 3 1224979098644774915 648518346341351444 648518346341351473 2147484189 3 1224979098644774915 7 360287970189639680 561 3 1224979098644774915 7 1 521 3 1224979098644774916 1224979098644774915 49 541 3 1224979098644774915 54 -1 2133 2 1224979098644774917 1224979098644774916 2108 2 1224979098644774917 5 32 2 1224979098644774917 400 1 2 936748722493063288 1224979098644774915 2106 2 1224979098644774916 400 501 3 1224979098644774915 49 1224979098644774916 3 0 
360.000000  12 6 3 1224979098644774912 648518346341351444 648518346341351501 1 2 936748722493063477 1224979098644774912 2133 2 1224979098644774913 72057594037927936 521 3 1224979098644774914 1224979098644774912 50 4 0 32 2 1224979098644774914 1224979098644774913 1 3 936748722493063476 1224979098644774912 -1 5 0 2147483678 2 1224979098644774914 1224979098644774913 1 3 936748722493063476 1224979098644774912 1 3 0 3 0 
6.000000  20 2272 1 1224979098644774912 4 0 2147483679 2 1224979098644774912 144115188075856432 2133 2 144115188075856432 1224979098644774912 4 0 31 2 144115188075856433 1 2105 2 144115188075856431 1 3 0 2133 2 144115188075856433 1 3 0 2133 2 1224979098644774913 0 4 0 2147483685 0 30 2 144115188075856124 0 1073742365 3 144115188075856124 130 1 33 3 144115188075856124 648518346341351444 648518346341351473 2133 2 1224979098644774913 1 3 0 31 2 1224979098644774913 0 2133 2 144115188075856433 0 
48.000000  18 6 3 1224979098644774912 360287970189639900 360287970189639964 2136 3 1224979098644774913 0 100 2147483678 2 1224979098644774913 30 520 3 1224979098644774914 1224979098644774912 10 32 2 1224979098644774914 648518346341351501 132 1 1224979098644774914 2170 3 1224979098644774915 17 1224979098644774912 2105 2 1224979098644774915 2 2122 3 1224979098644774916 1224979098644774915 500 1673 2 1224979098644774914 1224979098644774916 3 0 6 3 1224979098644774917 648518346341351444 648518346341351473 2136 3 1224979098644774913 0 100 2147483678 2 1224979098644774913 10 521 3 1224979098644774918 1224979098644774917 7 2147483679 2 1224979098644774918 360287970189639680 1673 2 1224979098644774917 3000 3 0 
24.000000  1 1 1 936748722493063305 
2.000000  1 1 1 936748722493063304 
7.000000  2 1 1 936748722493063334 1 1 936748722493063309 
24.000000  79 2105 2 144115188075856363 1 30 2 144115188075856363 90 33 3 144115188075856154 432345564227567630 432345564227567656 2147483679 2 144115188075856154 432345564227567630 2133 2 144115188075856320 -1 2133 2 144115188075856321 0 2133 2 144115188075856322 0 2133 2 144115188075856150 -10000 2133 2 144115188075856148 -10000 2133 2 144115188075856434 -10000 2133 2 144115188075856151 -10000 2133 2 144115188075856149 -10000 2133 2 144115188075856435 -10000 2133 2 1224979098644774912 0 6 3 1224979098644774913 360287970189639899 360287970189639964 2133 2 1224979098644774914 1224979098644774913 2133 2 1224979098644774915 0 4 0 31 2 1224979098644774913 360287970189639899 2133 2 1224979098644774914 360287970189639680 4 0 31 2 144115188075856152 0 2133 2 1224979098644774915 1 3 0 5 0 2173 2 1224979098644774916 1224979098644774914 31 2 144115188075856154 1224979098644774916 2147484208 3 1224979098644774914 8 0 560 3 1224979098644774914 10 1 540 3 1224979098644774914 2 2 2147484190 3 1224979098644774916 10 1224979098644774914 520 3 1224979098644774917 1224979098644774914 10 32 2 1224979098644774917 0 132 1 1224979098644774917 1 2 936748722493063239 1224979098644774917 2133 2 1224979098644774918 72057594037927936 1 2 936748722493063191 1224979098644774917 2133 2 1224979098644774919 72057594037927936 2122 3 1224979098644774920 1224979098644774918 100 2108 2 1224979098644774920 1224979098644774919 30 2 1224979098644774920 25 2133 2 1224979098644774915 1 3 0 31 2 1224979098644774915 1 2105 2 1224979098644774912 1 520 3 1224979098644774921 1224979098644774914 7 4 0 32 2 1224979098644774921 144115188075856150 2133 2 144115188075856434 144115188075856148 2133 2 144115188075856148 144115188075856150 2133 2 144115188075856150 1224979098644774921 2133 2 144115188075856435 144115188075856149 2133 2 144115188075856149 144115188075856151 2133 2 144115188075856151 1224979098644774914 5 0 32 2 1224979098644774921 144115188075856148 2133 2 144115188075856434 144115188075856148 2133 2 144115188075856148 1224979098644774921 2133 2 144115188075856435 144115188075856149 2133 2 144115188075856149 1224979098644774914 5 0 32 2 1224979098644774921 144115188075856434 2133 2 144115188075856434 1224979098644774921 2133 2 144115188075856435 1224979098644774914 3 0 3 0 30 2 144115188075856151 0 30 2 144115188075856149 0 30 2 144115188075856435 0 32 2 1224979098644774912 2 2133 2 144115188075856363 0 2133 2 144115188075856323 0 4 0 2147483679 2 144115188075856151 360287970189639680 2147483679 2 144115188075856149 360287970189639680 900 1 1513209474796486665 5 0 2060 1 864691128455135399 3 0 
10.000000  45 6 3 1224979098644774912 360287970189639900 360287970189639964 2133 2 1224979098644774913 1 520 3 1224979098644774914 1224979098644774912 10 4 0 32 2 1224979098644774914 0 521 3 1224979098644774915 1224979098644774914 30 30 2 1224979098644774915 0 2204 2 1224979098644774916 1224979098644774914 522 3 1224979098644774917 1224979098644774916 7 30 2 1224979098644774917 0 520 3 1224979098644774918 1224979098644774917 10 31 2 1224979098644774915 1224979098644774918 2133 2 1224979098644774913 -1 3 0 520 3 1224979098644774919 1224979098644774912 57 2105 2 1224979098644774919 1224979098644774913 2112 3 1224979098644774919 0 100 500 3 1224979098644774912 57 1224979098644774919 2133 2 1224979098644774913 1 4 0 32 2 1224979098644774914 0 2173 2 1224979098644774920 1224979098644774912 31 2 1224979098644774920 432345564227567630 2147484188 3 1224979098644774912 16 -1 521 3 1224979098644774921 1224979098644774914 4 521 3 1224979098644774922 1224979098644774914 5 4 0 540 3 1224979098644774912 16 1224979098644774921 540 3 1224979098644774912 17 1224979098644774922 2133 2 1224979098644774913 -1 5 0 500 3 1224979098644774912 16 -1 500 3 1224979098644774912 17 -1 3 0 3 0 520 3 1224979098644774919 1224979098644774912 58 2105 2 1224979098644774919 1224979098644774913 2112 3 1224979098644774919 0 100 500 3 1224979098644774912 58 1224979098644774919 4 0 2147483678 2 1224979098644774919 10 500 3 1224979098644774912 16 -1 500 3 1224979098644774912 17 -1 3 0 3 0 
2.000000  1 1 1 936748722493063313 
3.000000  1 1 1 936748722493063307 
3.000000  136 2270 1 1224979098644774912 6 3 1224979098644774913 648518346341351444 648518346341351473 521 3 1224979098644774914 1224979098644774913 54 32 2 1224979098644774914 0 132 1 1224979098644774914 2204 2 1224979098644774915 1224979098644774914 561 3 1224979098644774913 54 1 521 3 1224979098644774916 1224979098644774913 64 2121 3 1224979098644774916 1224979098644774912 1224979098644774916 2133 2 1224979098644774917 0 2133 2 1224979098644774918 0 2133 2 1224979098644774919 0 2133 2 1224979098644774920 0 6 3 1224979098644774921 360287970189639900 360287970189639964 540 3 1224979098644774921 2 2 2147484208 3 1224979098644774921 8 0 520 3 1224979098644774922 1224979098644774921 10 32 2 1224979098644774922 0 2173 2 1224979098644774923 1224979098644774921 31 2 1224979098644774923 1224979098644774915 2133 2 1224979098644774924 0 4 0 541 3 1224979098644774922 4 1 541 3 1224979098644774922 5 1224979098644774913 2133 2 1224979098644774924 1 5 0 521 3 1224979098644774925 1224979098644774922 30 32 2 1224979098644774925 0 132 1 1224979098644774925 541 3 1224979098644774925 4 1 541 3 1224979098644774925 5 1224979098644774913 2133 2 1224979098644774924 1 3 0 31 2 1224979098644774924 1 1680 2 1224979098644774926 1224979098644774922 3221225502 2 1224979098644774926 0 31 2 1224979098644774926 1224979098644774913 4 0 542 3 1224979098644774915 7 1224979098644774921 2133 2 1224979098644774920 1 3 0 1 2 936748722493063209 1224979098644774922 2105 2 1224979098644774919 72057594037927936 3 0 4 0 32 2 1224979098644774919 0 1662 2 1224979098644774913 648518346341351439 1 2 936748722493063209 648518346341351439 2133 2 1224979098644774927 72057594037927936 4 0 31 2 144115188075855992 1224979098644774913 31 2 144115188075856152 0 1 2 936748722493063209 648518346341351424 2105 2 1224979098644774927 72057594037927936 2107 2 1224979098644774919 2 3 0 521 3 1224979098644774928 1224979098644774913 65 2105 2 1224979098644774928 100 2107 2 1224979098644774927 1224979098644774928 2108 2 1224979098644774927 100 2111 2 1224979098644774927 1 4 0 31 2 1224979098644774920 1 31 2 1224979098644774915 144115188075856154 200 1 504403158265495578 2107 2 1224979098644774919 2 3 0 2122 3 1224979098644774929 1224979098644774919 100 2108 2 1224979098644774929 1224979098644774927 2121 3 1224979098644774930 1224979098644774929 300 4 0 32 2 1224979098644774930 -100 2123 3 1224979098644774931 1224979098644774916 3 2105 2 1224979098644774930 1224979098644774931 3 0 2108 2 1224979098644774930 5 2111 2 1224979098644774930 0 2121 3 1224979098644774932 200 1224979098644774929 2111 2 1224979098644774932 0 4 0 2136 3 1224979098644774933 0 100 2147483678 2 1224979098644774933 1224979098644774930 32 2 1224979098644774916 24 2133 2 1224979098644774917 1 5 0 2136 3 1224979098644774933 0 100 2147483678 2 1224979098644774933 1224979098644774932 2133 2 1224979098644774918 1 3 0 5 0 2133 2 1224979098644774918 1 3 0 4 0 31 2 1224979098644774917 1 6 3 1224979098644774921 360287970189639900 360287970189639964 540 3 1224979098644774921 2 2 2147484208 3 1224979098644774921 8 0 520 3 1224979098644774922 1224979098644774921 10 32 2 1224979098644774922 0 2133 2 1224979098644774924 0 4 0 541 3 1224979098644774922 4 1 541 3 1224979098644774922 5 1224979098644774913 541 3 1224979098644774922 8 0 2133 2 1224979098644774924 1 5 0 521 3 1224979098644774925 1224979098644774922 30 32 2 1224979098644774925 0 132 1 1224979098644774925 541 3 1224979098644774925 4 1 541 3 1224979098644774925 5 1224979098644774913 1 4 936748722493063308 1224979098644774922 1 1224979098644774913 2133 2 1224979098644774924 1 3 0 31 2 1224979098644774924 1 1640 2 1224979098644774922 4 1641 2 1224979098644774922 1224979098644774913 1603 3 1224979098644774922 65536 1 501 3 1224979098644774922 8 1 3 0 5 0 31 2 1224979098644774918 1 6 3 1224979098644774921 360287970189639900 360287970189639964 540 3 1224979098644774921 2 2 2147484208 3 1224979098644774921 8 0 520 3 1224979098644774922 1224979098644774921 10 32 2 1224979098644774922 0 541 3 1224979098644774922 4 1 541 3 1224979098644774922 5 1224979098644774913 541 3 1224979098644774922 8 1 1 4 936748722493063308 1224979098644774922 -1 -1 1 4 936748722493063308 1224979098644774922 1 1224979098644774913 501 3 1224979098644774913 64 1224979098644774912 3 0 3 0 3 0 
36.000000  1 2133 2 144115188075855965 1 
0.000000  3 31 2 144115188075855965 1 2133 2 144115188075855965 0 1 1 936748722493063335 
24.000000  3 6 3 1224979098644774912 432345564227567630 432345564227567656 1 2 936748722493063246 1224979098644774912 3 0 
36.000000  6 6 3 1224979098644774912 360287970189639900 360287970189639984 500 3 1224979098644774912 20 0 3 0 6 3 1224979098644774912 360287970189640134 360287970189640162 500 3 1224979098644774912 20 0 3 0 
24.000000  3 6 3 1224979098644774912 648518346341351473 648518346341351501 1 2 936748722493063301 1224979098644774912 3 0 
48.000000  4 6 3 1224979098644774912 648518346341351473 648518346341351501 1 2 936748722493063302 1224979098644774912 501 3 1224979098644774912 46 0 3 0 
24.000000  32 6 3 1224979098644774912 648518346341351473 648518346341351501 521 3 1224979098644774913 1224979098644774912 45 2136 3 1224979098644774914 0 100 4 0 2147483678 2 1224979098644774914 3 2133 2 1224979098644774913 0 4 0 3 0 5 0 2147483678 2 1224979098644774914 10 2136 3 1224979098644774914 111 121 2107 2 1224979098644774913 1224979098644774914 2108 2 1224979098644774913 100 2136 3 1224979098644774914 1 3 2105 2 1224979098644774913 1224979098644774914 5 0 2147483678 2 1224979098644774914 50 2136 3 1224979098644774914 3 8 2106 2 1224979098644774913 1224979098644774914 5 0 2136 3 1224979098644774914 101 111 2107 2 1224979098644774913 1224979098644774914 2108 2 1224979098644774913 100 2136 3 1224979098644774914 1 3 2105 2 1224979098644774913 1224979098644774914 3 0 2112 3 1224979098644774913 0 101 501 3 1224979098644774912 45 1224979098644774913 2121 3 1224979098644774915 1224979098644774913 10 2108 2 1224979098644774915 2 1 5 936748722493063203 1224979098644774912 288230376151711816 1224979098644774915 0 3 0 
168.000000  91 6 3 1224979098644774912 648518346341351444 648518346341351501 521 3 1224979098644774913 1224979098644774912 47 2133 2 1224979098644774914 0 4 0 541 3 1224979098644774912 0 4 4 0 541 3 1224979098644774912 35 0 2133 2 1224979098644774914 500 4 0 541 3 1224979098644774912 131 1 2136 3 1224979098644774915 -4 15 2122 3 1224979098644774916 1224979098644774915 25 2133 2 72057594037927960 1224979098644774916 1105 1 1585267068834415235 2105 2 1224979098644774914 1224979098644774916 3 0 4 0 541 3 1224979098644774912 132 1 2136 3 1224979098644774917 -4 15 2122 3 1224979098644774918 1224979098644774917 25 2133 2 72057594037927961 1224979098644774918 1105 1 1585267068834415236 2105 2 1224979098644774914 1224979098644774918 3 0 4 0 541 3 1224979098644774912 133 1 2105 2 1224979098644774914 200 2136 3 1224979098644774919 0 17 2122 3 1224979098644774920 1224979098644774919 25 2133 2 72057594037927962 1224979098644774920 1105 1 1585267068834415237 2105 2 1224979098644774914 1224979098644774920 3 0 4 0 541 3 1224979098644774912 134 1 2136 3 1224979098644774921 0 15 2122 3 1224979098644774922 1224979098644774921 25 2133 2 72057594037927963 1224979098644774922 1105 1 1585267068834415238 2105 2 1224979098644774914 1224979098644774922 3 0 4 0 541 3 1224979098644774912 135 1 2136 3 1224979098644774923 -10 21 2122 3 1224979098644774924 1224979098644774923 25 2133 2 72057594037927964 1224979098644774924 1105 1 1585267068834415239 2105 2 1224979098644774914 1224979098644774924 3 0 4 0 541 3 1224979098644774912 136 1 2105 2 1224979098644774914 250 2136 3 1224979098644774925 0 25 2122 3 1224979098644774926 1224979098644774925 25 2133 2 72057594037927965 1224979098644774926 1105 1 1585267068834415240 2105 2 1224979098644774914 1224979098644774926 3 0 3 0 5 0 541 3 1224979098644774912 0 2 2133 2 1224979098644774914 250 5 0 541 3 1224979098644774912 0 3 2133 2 1224979098644774914 1000 3 0 521 3 1224979098644774927 1224979098644774912 50 2120 3 1224979098644774928 10 1224979098644774927 2107 2 1224979098644774914 1224979098644774928 2108 2 1224979098644774914 110 2105 2 1224979098644774913 1224979098644774914 501 3 1224979098644774912 47 1224979098644774913 3 0 6 3 1224979098644774912 648518346341351444 648518346341351501 521 3 1224979098644774929 1224979098644774912 7 2147483679 2 1224979098644774929 360287970189639680 33 3 1224979098644774929 360287970189639900 360287970189639964 521 3 1224979098644774913 1224979098644774912 47 521 3 1224979098644774930 1224979098644774912 48 520 3 1224979098644774931 1224979098644774929 11 2105 2 1224979098644774931 1224979098644774913 2105 2 1224979098644774931 1224979098644774930 500 3 1224979098644774929 11 1224979098644774931 501 3 1224979098644774912 47 0 501 3 1224979098644774912 48 0 4 0 31 2 144115188075856044 1 2133 2 72057594037927937 1224979098644774931 1117 4 1224979098644774929 1 1585267068834415241 0 3 0 3 0 
32.000000  42 31 2 144115188075856154 0 2147483680 2 144115188075855977 0 31 2 144115188075856152 0 2136 3 1224979098644774912 432345564227567630 432345564227567656 2133 2 1224979098644774913 999999 6 3 1224979098644774914 648518346341351444 648518346341351473 2204 2 1224979098644774915 1224979098644774914 31 2 1224979098644774915 1224979098644774912 2281 3 1224979098644774916 648518346341351424 1224979098644774914 2110 2 1224979098644774913 1224979098644774916 3 0 2147483678 2 1224979098644774913 30 2190 3 1224979098644774917 1224979098644774912 432345564227567630 522 3 1224979098644774918 1224979098644774912 10 1 2 936748722493063319 1224979098644774918 2133 2 1224979098644774919 72057594037927936 1 2 936748722493063281 360287970189639680 2133 2 1224979098644774920 72057594037927936 4 0 31 2 1224979098644774920 0 520 3 1224979098644774921 360287970189639680 7 30 2 1224979098644774921 160 30 2 1224979098644774917 0 30 2 1224979098644774919 0 2136 3 1224979098644774922 0 100 2147483678 2 1224979098644774922 50 1 2 936748722493063478 1224979098644774912 2133 2 144115188075855950 72057594037927936 30 2 144115188075855950 0 2133 2 144115188075855977 1224979098644774912 2060 1 864691128455135425 5 0 32 2 1224979098644774920 0 2147483679 2 144115188075856109 1224979098644774912 30 2 1224979098644774917 -80 30 2 1224979098644774919 -30 2136 3 1224979098644774922 0 100 2147483678 2 1224979098644774922 20 2133 2 144115188075855977 1224979098644774912 2133 2 144115188075855950 -1 2060 1 864691128455135424 3 0 
168.000000  1 1 2 936748722493063341 1 
5.000000  16 32 2 144115188075855930 0 6 3 1224979098644774912 360287970189639900 360287970189639964 2173 2 1224979098644774913 1224979098644774912 31 2 1224979098644774913 432345564227567630 2147484208 3 1224979098644774912 55 1 1 2 936748722493063319 1224979098644774912 2133 2 1224979098644774914 72057594037927936 2147483678 2 1224979098644774914 -5 2147483679 2 144115188075855930 1224979098644774912 2107 2 1224979098644774914 -1 2106 2 1224979098644774914 5 2136 3 1224979098644774915 0 2000 2147483678 2 1224979098644774915 1224979098644774914 1 2 936748722493063326 -1 500 3 1224979098644774912 55 72057594037927936 3 0 
0.100000  29 6 3 1224979098644774912 360287970189639900 360287970189639984 540 3 1224979098644774912 2 2 520 3 1224979098644774913 1224979098644774912 10 30 2 1224979098644774913 1 1694 2 1224979098644774914 1224979098644774913 2147483678 2 1224979098644774914 1 1665 2 1224979098644774915 1224979098644774913 33 3 1224979098644774915 648518346341351444 648518346341351501 1 3 936748722493063284 1224979098644774915 1224979098644774913 4 0 30 2 72057594037927936 0 1660 2 1224979098644774913 1224979098644774915 5 0 1640 2 1224979098644774913 0 3 0 4 0 1073742365 3 1224979098644774915 0 3 541 3 1224979098644774915 0 2 2204 2 1224979098644774916 1224979098644774913 2204 2 1224979098644774917 1224979098644774915 31 2 1224979098644774916 1224979098644774917 1651 2 1224979098644774918 1224979098644774913 32 2 1224979098644774918 0 2133 2 144115188075855929 1 1 3 936748722493063222 1224979098644774915 1224979098644774913 2133 2 144115188075855929 1 1 2 936748722493063218 1224979098644774913 3 0 3 0 
48.000000  9 1 3 936748722493063497 648518346341351424 50 6 3 1224979098644774912 648518346341351444 648518346341351473 2133 2 1224979098644774913 30 4 0 541 3 1224979098644774912 143 1 2133 2 1224979098644774913 5 3 0 1 3 936748722493063497 1224979098644774912 1224979098644774913 3 0 
3.000000  13 2133 2 144115188075855935 -1 6 3 1224979098644774912 648518346341351444 648518346341351501 31 2 144115188075855935 -1 2204 2 1224979098644774913 1224979098644774912 31 2 1224979098644774913 432345564227567630 1073742365 3 1224979098644774912 7 -2 1073742365 3 1224979098644774912 7 -1 541 3 1224979098644774912 7 -3 2133 2 144115188075855935 1224979098644774912 3 0 30 2 144115188075855935 0 522 3 1224979098644774914 432345564227567630 10 1025 1 1224979098644774914 
48.000000  29 6 3 1224979098644774912 360287970189639900 360287970189639964 540 3 1224979098644774912 2 2 2147484208 3 1224979098644774912 8 0 2147484208 3 1224979098644774912 10 1 2173 2 1224979098644774913 1224979098644774912 4 0 1 3 936748722493063250 1224979098644774913 1224979098644774912 2133 2 1224979098644774914 72057594037927936 1 3 936748722493063295 1224979098644774912 1224979098644774914 1660 2 144115188075856380 1224979098644774914 5 0 542 3 1224979098644774913 200 1 1 2 936748722493063252 1224979098644774913 2133 2 1224979098644774914 72057594037927936 1 3 936748722493063295 1224979098644774912 1224979098644774914 1660 2 144115188075856380 1224979098644774914 5 0 2147484190 3 1224979098644774913 21 0 4 0 33 3 1224979098644774912 360287970189639900 360287970189639904 500 3 1224979098644774912 55 432345564227567617 5 0 2136 3 1224979098644774915 0 100 2147483678 2 1224979098644774915 10 1 2 936748722493063326 1224979098644774913 500 3 1224979098644774912 55 72057594037927936 3 0 3 0 3 0 
24.000000  10 6 3 1224979098644774912 648518346341351473 648518346341351501 541 3 1224979098644774912 35 0 521 3 1224979098644774913 1224979098644774912 122 1073741855 2 1224979098644774913 0 2147483780 1 1224979098644774913 2136 3 1224979098644774914 0 100 2147483678 2 1224979098644774914 30 1 2 936748722493063425 1224979098644774912 501 3 1224979098644774912 122 72057594037927936 3 0 
72.000000  16 1 1 936748722493063206 6 3 1224979098644774912 648518346341351444 648518346341351501 521 3 1224979098644774913 1224979098644774912 51 4 0 32 2 1224979098644774913 1000 2107 2 1224979098644774913 95 2108 2 1224979098644774913 100 2111 2 1224979098644774913 1000 5 0 2147483678 2 1224979098644774913 1000 2107 2 1224979098644774913 105 2108 2 1224979098644774913 100 2110 2 1224979098644774913 1000 3 0 501 3 1224979098644774912 51 1224979098644774913 3 0 
8.000000  49 11 1 1224979098644774912 541 3 1224979098644774912 0 11 131 1 1224979098644774912 2204 2 1224979098644774913 1224979098644774912 522 3 1224979098644774914 1224979098644774913 82 4 0 2147483680 2 1224979098644774914 0 1232 1 1224979098644774912 5 0 2136 3 1224979098644774915 0 100 2147483678 2 1224979098644774915 35 1665 2 1224979098644774916 1224979098644774912 2133 2 1224979098644774917 1 4 0 33 3 1224979098644774916 648518346341351444 648518346341351473 2147484189 3 1224979098644774916 54 -1 2133 2 1224979098644774917 0 3 0 31 2 1224979098644774917 1 2133 2 1224979098644774918 0 4 0 521 3 1224979098644774919 1224979098644774912 4 31 2 1224979098644774919 13 521 3 1224979098644774920 1224979098644774912 5 31 2 1224979098644774916 1224979098644774920 2133 2 1224979098644774918 1 3 0 2133 2 1224979098644774921 -1 4 0 31 2 144115188075856005 1224979098644774912 2147483778 2 1224979098644774912 144115188075856004 2133 2 1224979098644774921 144115188075856004 5 0 1 3 936748722493063253 1224979098644774916 1224979098644774913 2133 2 1224979098644774921 72057594037927936 3 0 33 3 1224979098644774921 648518346341351444 648518346341351461 2147483778 2 1224979098644774912 1224979098644774921 4 0 31 2 1224979098644774918 1 1 3 936748722493063208 1224979098644774912 1224979098644774916 3 0 1640 2 1224979098644774912 1 1641 2 1224979098644774912 1224979098644774921 1603 3 1224979098644774912 65536 0 501 3 1224979098644774912 4 13 501 3 1224979098644774912 5 1224979098644774921 3 0 3 0 
8.000000  66 11 1 1224979098644774912 541 3 1224979098644774912 0 15 131 1 1224979098644774912 521 3 1224979098644774913 1224979098644774912 123 1665 2 1224979098644774914 1224979098644774912 2133 2 1224979098644774915 1 4 0 33 3 1224979098644774914 648518346341351444 648518346341351473 2147484189 3 1224979098644774914 54 -1 2133 2 1224979098644774915 0 3 0 31 2 1224979098644774915 1 4 0 31 2 1224979098644774914 1224979098644774913 4 0 2136 3 1224979098644774916 0 100 2147483678 2 1224979098644774916 5 1 4 936748722493063426 1224979098644774912 1224979098644774913 50 2133 2 1224979098644774917 72057594037927936 521 3 1224979098644774918 1224979098644774913 50 2105 2 1224979098644774918 30 2107 2 1224979098644774917 1224979098644774918 2108 2 1224979098644774917 2600 521 3 1224979098644774919 1224979098644774913 48 2105 2 1224979098644774919 1224979098644774917 501 3 1224979098644774913 48 1224979098644774919 521 3 1224979098644774920 1224979098644774913 121 501 3 1224979098644774912 5 1224979098644774920 501 3 1224979098644774912 4 13 1640 2 1224979098644774912 1 1641 2 1224979098644774912 1224979098644774920 3 0 5 0 4 0 521 3 1224979098644774921 1224979098644774912 5 31 2 1224979098644774914 1224979098644774921 1 4 936748722493063426 1224979098644774912 1224979098644774921 10 2133 2 1224979098644774917 72057594037927936 521 3 1224979098644774918 1224979098644774921 50 2105 2 1224979098644774918 30 2107 2 1224979098644774917 1224979098644774918 2108 2 1224979098644774917 2600 521 3 1224979098644774919 1224979098644774921 48 2105 2 1224979098644774919 1224979098644774917 501 3 1224979098644774921 48 1224979098644774919 521 3 1224979098644774919 1224979098644774913 48 2105 2 1224979098644774919 1224979098644774917 501 3 1224979098644774913 48 1224979098644774919 521 3 1224979098644774922 1224979098644774921 53 1 2 936748722493063300 1224979098644774921 2133 2 1224979098644774923 72057594037927936 2105 2 1224979098644774922 1000 2110 2 1224979098644774922 1224979098644774923 501 3 1224979098644774921 53 1224979098644774922 4 0 2136 3 1224979098644774924 0 100 2147483678 2 1224979098644774924 35 1 3 936748722493063476 1224979098644774913 1 3 0 3 0 501 3 1224979098644774912 5 1224979098644774913 501 3 1224979098644774912 4 13 1640 2 1224979098644774912 1 1641 2 1224979098644774912 1224979098644774913 3 0 3 0 
2.000000  9 6 3 1224979098644774912 648518346341351461 648518346341351473 541 3 1224979098644774912 54 -1 521 3 1224979098644774913 1224979098644774912 53 2105 2 1224979098644774913 100 1 2 936748722493063300 1224979098644774912 2133 2 1224979098644774914 72057594037927936 2110 2 1224979098644774913 1224979098644774914 501 3 1224979098644774912 53 1224979098644774913 3 0 
0.500000  42 6 3 1224979098644774912 360287970189639900 360287970189639984 540 3 1224979098644774912 2 2 520 3 1224979098644774913 1224979098644774912 10 32 2 1224979098644774913 0 4 0 132 1 1224979098644774913 4 0 2293 2 1224979098644774914 1224979098644774913 31 2 1224979098644774914 5 2204 2 1224979098644774915 1224979098644774913 521 3 1224979098644774916 1224979098644774913 30 522 3 1224979098644774917 1224979098644774915 7 2147483679 2 1224979098644774917 1224979098644774912 2133 2 1224979098644774918 1 4 0 30 2 1224979098644774917 0 520 3 1224979098644774919 1224979098644774917 10 30 2 1224979098644774919 0 31 2 1224979098644774916 1224979098644774919 2133 2 1224979098644774918 0 3 0 31 2 1224979098644774918 1 2133 2 1224979098644774920 0 6 3 1224979098644774921 648518346341351444 648518346341351473 31 2 1224979098644774920 0 541 3 1224979098644774921 54 -1 2204 2 1224979098644774922 1224979098644774921 2190 3 1224979098644774923 1224979098644774922 1224979098644774915 32 2 1224979098644774923 0 2281 3 1224979098644774924 1224979098644774913 1224979098644774921 2147483678 2 1224979098644774924 20 1625 2 1 1224979098644774913 1625 2 2 1224979098644774921 2147484362 2 2 1 1 4 936748722493063308 1224979098644774913 14 1224979098644774921 2133 2 1224979098644774920 1 3 0 3 0 5 0 500 3 1224979098644774912 10 -1 3 0 3 0 
0.500000  44 2270 1 1224979098644774912 2119 3 1224979098644774913 1224979098644774912 11 2121 3 1224979098644774914 1224979098644774912 5 1601 2 1224979098644774915 648518346341351424 1602 2 1224979098644774916 648518346341351424 2105 2 1224979098644774915 1224979098644774916 2130 1 1224979098644774915 2125 2 1224979098644774917 1224979098644774915 2131 1 1224979098644774917 4 0 31 2 1224979098644774913 0 6 3 1224979098644774918 432345564227567630 432345564227567656 522 3 1224979098644774919 1224979098644774918 30 2106 2 1224979098644774919 1 2111 2 1224979098644774919 0 502 3 1224979098644774918 30 1224979098644774919 3 0 3 0 31 2 144115188075856152 0 6 3 1224979098644774920 648518346341351444 648518346341351501 2204 2 1224979098644774918 1224979098644774920 2190 3 1224979098644774921 1224979098644774918 432345564227567630 2147483678 2 1224979098644774921 0 2281 3 1224979098644774922 648518346341351424 1224979098644774920 2147483678 2 1224979098644774922 5 2122 3 1224979098644774923 1224979098644774922 1224979098644774922 2121 3 1224979098644774924 20 1224979098644774923 2121 3 1224979098644774925 20 1224979098644774921 2122 3 1224979098644774926 1224979098644774924 1224979098644774925 2107 2 1224979098644774926 1224979098644774917 2123 3 1224979098644774927 1224979098644774926 10 2136 3 1224979098644774928 0 1000 2147483678 2 1224979098644774928 1224979098644774927 522 3 1224979098644774919 1224979098644774918 30 2105 2 1224979098644774919 1 2110 2 1224979098644774919 100 502 3 1224979098644774918 30 1224979098644774919 4 0 2147484209 3 1224979098644774920 42 1224979098644774914 2342 2 1 1224979098644774920 1106 1 1585267068834415242 501 3 1224979098644774920 42 1224979098644774912 3 0 3 0 
14.000000  37 31 2 144115188075856152 0 1650 2 1224979098644774912 648518346341351424 2133 2 1224979098644774913 0 6 3 1224979098644774914 0 1224979098644774912 1653 3 1224979098644774915 648518346341351424 1224979098644774914 2105 2 1224979098644774913 1224979098644774915 3 0 2108 2 1224979098644774913 3 4 0 31 2 1224979098644774913 0 2105 2 1224979098644774913 1 3 0 2133 2 1224979098644774916 1224979098644774913 2133 2 1224979098644774917 0 6 3 1224979098644774918 0 1224979098644774916 2133 2 1224979098644774919 0 6 3 1224979098644774920 288230376151711814 288230376151711827 507 3 1224979098644774920 0 0 1 3 936748722493063330 1224979098644774920 41 2105 2 1224979098644774919 1 3 0 4 0 32 2 1224979098644774919 0 2136 3 1224979098644774921 0 1224979098644774919 1 2 936748722493063422 1224979098644774921 5 0 31 2 1224979098644774917 0 1106 2 1585267068834415243 16711680 1 2 936748722493063329 -3 2133 2 1224979098644774917 1 4 0 1 2 936748722493063238 648518346341351424 32 2 72057594037927936 0 1 3 936748722493063481 2 216172782113784467 3 0 3 0 3 0 
24.000000  16 1540 2 1224979098644774912 360287970189639680 6 3 1224979098644774913 0 1224979098644774912 1541 3 1224979098644774914 360287970189639680 1224979098644774913 1073741855 2 1224979098644774914 288230376151711826 31 2 1224979098644774914 288230376151711816 1542 3 1224979098644774915 360287970189639680 1224979098644774913 4 0 30 2 1224979098644774915 37 2147483678 2 1224979098644774915 41 2105 2 1224979098644774915 1 1544 3 360287970189639680 1224979098644774913 1224979098644774915 5 0 2147483678 2 1224979098644774915 37 1544 3 360287970189639680 1224979098644774913 37 3 0 3 0 
72.000000  1 1 1 936748722493063424 
0.000000  20 1541 3 1224979098644774912 360287970189639680 8 2133 2 1224979098644774913 -1 4 0 31 2 144115188075856059 0 4 0 30 2 1224979098644774912 0 2133 2 1224979098644774913 1297036692682702849 5 0 2133 2 1224979098644774913 1297036692682702848 3 0 5 0 31 2 144115188075856059 1 2133 2 1224979098644774913 1297036692682702890 5 0 31 2 144115188075856059 2 2133 2 1224979098644774913 1297036692682702891 3 0 2147483679 2 1224979098644774913 144115188075856364 2133 2 144115188075856364 1224979098644774913 1676 2 648518346341351424 1224979098644774913 
2.000000  14 2149 2 1224979098644774912 360287970189639680 2123 3 1224979098644774913 1224979098644774912 100 1540 2 1224979098644774914 360287970189639680 6 3 1224979098644774915 0 1224979098644774914 1541 3 1224979098644774916 360287970189639680 1224979098644774915 30 2 1224979098644774916 0 4 0 33 3 1224979098644774916 288230376151711814 288230376151711842 2230 2 1224979098644774917 1224979098644774916 2105 2 1224979098644774912 1224979098644774917 3 0 3 0 2112 3 1224979098644774913 0 100 1645 2 648518346341351424 1224979098644774913 
6.000000  30 32 2 144115188075856061 0 32 2 144115188075856062 0 32 2 144115188075856063 0 2273 0 4 0 2170 3 1224979098644774912 1369094286720630785 360287970189639680 2107 2 1224979098644774912 5 2121 3 1224979098644774913 66 1224979098644774912 32 2 1224979098644774913 0 2133 2 1224979098644774914 0 6 3 1224979098644774915 0 144115188075856062 2136 3 1224979098644774916 0 100 2147483678 2 1224979098644774916 1224979098644774913 2105 2 1224979098644774914 1 3 0 1615 3 648518346341351424 144115188075856061 1224979098644774914 2133 2 1224979098644774914 72057594037927936 32 2 1224979098644774914 0 4 0 32 2 1224979098644774914 1 2133 2 72057594037927938 1 5 0 2133 2 72057594037927938 0 3 0 2133 2 72057594037927937 1224979098644774914 2324 3 1 144115188075856061 1224979098644774914 1105 1 1585267068834415244 3 0 2133 2 144115188075856061 0 2133 2 144115188075856062 0 
24.000000  10 2147483679 2 144115188075855953 1 1 2 936748722493063489 648518346341351424 31 2 72057594037927936 0 2133 2 1224979098644774912 648518346341351473 6 3 1224979098644774913 648518346341351444 1224979098644774912 541 3 1224979098644774913 7 360287970189639680 1 2 936748722493063489 1224979098644774913 31 2 72057594037927936 1 2133 2 1224979098644774912 0 3 0 
72.000000  28 2133 2 144115188075855953 0 6 3 1224979098644774912 648518346341351444 648518346341351473 521 3 1224979098644774913 1224979098644774912 7 32 2 1224979098644774913 0 1651 2 1224979098644774914 1224979098644774912 7 3 1224979098644774915 0 1224979098644774914 1656 3 1224979098644774916 1224979098644774912 1224979098644774915 1507 1 1224979098644774916 540 3 1224979098644774916 2 2 2136 3 1224979098644774917 0 100 4 0 2147483680 2 1224979098644774917 10 1 2 936748722493063488 1224979098644774916 2133 2 1224979098644774918 72057594037927936 520 3 1224979098644774919 1224979098644774913 11 2105 2 1224979098644774919 1224979098644774918 500 3 1224979098644774913 11 1224979098644774919 1616 3 1224979098644774912 1224979098644774916 1 1 2 936748722493063532 1224979098644774916 2173 2 1224979098644774920 1224979098644774913 2173 2 1224979098644774921 1224979098644774916 2322 2 1 1224979098644774916 2335 2 2 1224979098644774920 2335 2 3 1224979098644774921 1105 1 1585267068834415245 3 0 3 0 3 0 
36.000000  14 1 1 936748722493063439 1 1 936748722493063444 1 1 936748722493063447 1 1 936748722493063448 6 3 1224979098644774912 648518346341351473 648518346341351501 1 2 936748722493063440 1224979098644774912 1 2 936748722493063443 1224979098644774912 3 0 6 3 1224979098644774913 648518346341351444 648518346341351461 1 2 936748722493063441 1224979098644774913 3 0 6 3 1224979098644774914 648518346341351461 648518346341351473 1 2 936748722493063442 1224979098644774914 3 0 
36.000000  17 6 3 1224979098644774912 648518346341351444 648518346341351501 1073742365 3 1224979098644774912 0 3 541 3 1224979098644774912 0 4 1 3 936748722493063398 1224979098644774912 1 1 3 936748722493063398 1224979098644774912 2 6 3 1224979098644774913 250 255 2136 3 1224979098644774914 360287970189640232 360287970189640234 501 3 1224979098644774912 1224979098644774913 1224979098644774914 3 0 2136 3 1224979098644774915 0 100 4 0 2147483678 2 1224979098644774915 0 2147484209 3 1224979098644774912 50 60 1 2 936748722493063397 1224979098644774912 1 4 936748722493063396 1224979098644774912 72057594037927936 1 3 0 3 0 
12.000000  30 6 3 1224979098644774912 648518346341351444 648518346341351501 521 3 1224979098644774913 1224979098644774912 124 32 2 1224979098644774913 0 521 3 1224979098644774914 1224979098644774912 125 2270 1 1224979098644774915 30 2 1224979098644774915 1224979098644774914 501 3 1224979098644774912 1224979098644774913 1 501 3 1224979098644774912 124 0 1 2 936748722493063468 1224979098644774913 4 0 541 3 1224979098644774912 7 360287970189639680 2330 2 4 1224979098644774912 1105 1 1585267068834415246 3 0 4 0 33 3 1224979098644774912 648518346341351473 648518346341351501 31 2 1224979098644774913 137 1 3 936748722493063476 1224979098644774912 2 3 0 4 0 33 3 1224979098644774912 648518346341351473 648518346341351501 31 2 1224979098644774913 138 1 3 936748722493063476 1224979098644774912 3 3 0 4 0 33 3 1224979098644774912 648518346341351473 648518346341351501 31 2 1224979098644774913 139 1 3 936748722493063476 1224979098644774912 4 3 0 3 0 
24.000000  105 6 3 1224979098644774912 648518346341351444 648518346341351501 1073742365 3 1224979098644774912 0 3 541 3 1224979098644774912 0 4 521 3 1224979098644774913 1224979098644774912 149 4 0 2147483680 2 1224979098644774913 0 2133 2 1224979098644774914 0 4 0 200 1 504403158265495595 546 3 504403158265495595 1 1224979098644774912 2147483850 1 504403158265495595 2133 2 1224979098644774914 1 5 0 2136 3 1224979098644774915 0 100 2147483678 2 1224979098644774915 3 2133 2 1224979098644774914 1 3 0 4 0 31 2 1224979098644774914 1 2136 3 1224979098644774915 0 3 4 0 31 2 1224979098644774915 0 2133 2 1224979098644774916 360287970189639791 5 0 31 2 1224979098644774915 1 2133 2 1224979098644774916 360287970189639778 5 0 2133 2 1224979098644774916 360287970189639779 3 0 501 3 1224979098644774912 149 1224979098644774916 4 0 31 2 144115188075856044 1 2330 2 1 1224979098644774912 1106 1 1585267068834415247 3 0 3 0 5 0 4 0 2133 2 1224979098644774917 40 4 0 541 3 1224979098644774912 0 3 2133 2 1224979098644774917 20 3 0 2136 3 1224979098644774915 0 100 2147483678 2 1224979098644774915 1224979098644774917 501 3 1224979098644774912 149 0 4 0 31 2 144115188075856044 1 2330 2 1 1224979098644774912 1106 1 1585267068834415248 3 0 3 0 3 0 3 0 6 3 1224979098644774912 648518346341351444 648518346341351501 1073742365 3 1224979098644774912 0 3 541 3 1224979098644774912 0 4 521 3 1224979098644774913 1224979098644774912 149 4 0 2147483680 2 1224979098644774913 0 2133 2 1224979098644774914 0 521 3 1224979098644774918 1224979098644774912 26 2120 3 1224979098644774919 1224979098644774918 100 2105 2 1224979098644774919 5 2123 3 1224979098644774920 1224979098644774919 10 2112 3 1224979098644774920 0 20 33 3 1224979098644774920 0 7 2121 3 1224979098644774918 7 1224979098644774920 2136 3 1224979098644774915 0 100 2147483678 2 1224979098644774915 1224979098644774918 4 0 4 0 30 2 1224979098644774915 4 2133 2 1224979098644774916 360287970189639772 5 0 30 2 1224979098644774915 2 2133 2 1224979098644774916 360287970189639771 5 0 2133 2 1224979098644774916 360287970189639770 3 0 501 3 1224979098644774912 149 1224979098644774916 4 0 31 2 144115188075856044 1 2330 2 1 1224979098644774912 1106 1 1585267068834415249 3 0 3 0 5 0 4 0 2133 2 1224979098644774917 40 4 0 541 3 1224979098644774912 0 3 2133 2 1224979098644774917 20 3 0 2136 3 1224979098644774915 0 100 2147483678 2 1224979098644774915 1224979098644774917 501 3 1224979098644774912 149 0 4 0 31 2 144115188075856044 1 2330 2 1 1224979098644774912 1106 1 1585267068834415250 3 0 3 0 3 0 3 0 
8.000000  23 2133 2 1224979098644774912 0 6 3 1224979098644774913 648518346341351444 648518346341351501 31 2 1224979098644774912 0 541 3 1224979098644774913 7 -2 2133 2 144115188075856436 1224979098644774913 4 0 31 2 144115188075856436 144115188075856108 2133 2 144115188075856108 0 2060 1 864691128455135315 5 0 2060 1 864691128455135318 3 0 2133 2 1224979098644774912 1 5 0 31 2 1224979098644774913 144115188075856108 561 3 1224979098644774913 7 360287970189639900 2133 2 144115188075856108 0 2204 2 1224979098644774914 1224979098644774913 31 2 1224979098644774914 144115188075856154 2133 2 144115188075856436 1224979098644774913 2060 1 864691128455135316 2133 2 1224979098644774912 1 3 0 
1.000000  21 2147483685 0 2273 0 30 2 144115188075856124 0 2147484189 3 144115188075856124 7 360287970189639680 2147483679 2 144115188075855911 1 2270 1 1224979098644774912 30 2 1224979098644774912 144115188075856129 2120 3 144115188075856129 1224979098644774912 24 2149 2 1224979098644774913 360287970189639680 1601 2 1224979098644774914 648518346341351424 2123 3 1224979098644774915 1224979098644774914 4 2105 2 1224979098644774915 1 2107 2 1224979098644774915 10 4 0 30 2 1224979098644774913 1224979098644774915 1106 1 1585267068834415251 1529 2 360287970189639680 1224979098644774915 5 0 32 2 1224979098644774913 0 1529 2 360287970189639680 1224979098644774913 3 0 
36.000000  1 1 1 936748722493063464 
24.000000  4 1 1 936748722493063201 6 3 1224979098644774912 648518346341351473 648518346341351501 1 2 936748722493063302 1224979098644774912 3 0 
24.000000  77 2133 2 1224979098644774912 0 6 3 1224979098644774913 432345564227567630 432345564227567656 502 3 1224979098644774913 20 0 3 0 11 1 1224979098644774914 2204 2 1224979098644774915 1224979098644774914 33 3 1224979098644774915 432345564227567630 432345564227567656 1073741857 3 1224979098644774914 648518346341351444 648518346341351501 541 3 1224979098644774914 0 13 522 3 1224979098644774916 1224979098644774915 20 2105 2 1224979098644774916 1 502 3 1224979098644774915 20 1224979098644774916 3 0 6 3 1224979098644774913 432345564227567630 432345564227567656 542 3 1224979098644774913 200 0 542 3 1224979098644774913 21 0 2105 2 1224979098644774912 1 542 3 1224979098644774913 20 0 2133 2 1224979098644774917 0 4 0 2133 2 1224979098644774918 1 5 0 2133 2 1224979098644774918 2 3 0 4 0 31 2 1224979098644774913 432345564227567630 4 0 2147483680 2 144115188075855930 0 502 3 1224979098644774913 21 2 2133 2 1224979098644774917 1 3 0 5 0 2147483679 2 144115188075856154 1224979098644774913 502 3 1224979098644774913 21 1224979098644774918 11 1 1224979098644774914 2204 2 1224979098644774915 1224979098644774914 31 2 1224979098644774915 1224979098644774913 521 3 1224979098644774919 1224979098644774914 123 2204 2 1224979098644774920 1224979098644774919 1620 2 1224979098644774914 1224979098644774920 3 0 2133 2 1224979098644774921 -1 6 3 1224979098644774922 0 0 540 3 1224979098644774922 14 1224979098644774913 2133 2 1224979098644774921 1224979098644774922 3 0 4 0 33 3 1224979098644774921 0 0 2147483679 2 1224979098644774921 144115188075855930 500 3 1224979098644774921 12 0 3 0 2133 2 1224979098644774917 1 4 0 31 2 144115188075856109 1224979098644774913 2133 2 144115188075856109 0 2133 2 144115188075855957 0 2133 2 144115188075856110 0 1 4 936748722493063343 864691128455135434 1224979098644774913 0 3 0 1 4 936748722493063343 864691128455135440 1224979098644774913 0 3 0 4 0 31 2 1224979098644774917 1 2106 2 1224979098644774912 1 1 1 936748722493063517 3 0 6 3 1224979098644774923 432345564227567630 432345564227567656 1 2 936748722493063451 1224979098644774923 3 0 3 0 4 0 31 2 1224979098644774912 1 6 3 1224979098644774913 432345564227567630 432345564227567656 542 3 1224979098644774913 21 0 1 4 936748722493063343 864691128455135433 1224979098644774913 0 3 0 3 0 
168.000000  4 520 3 1224979098644774912 360287970189639680 7 2123 3 1224979098644774913 1224979098644774912 200 2106 2 1224979098644774912 1224979098644774913 500 3 360287970189639680 7 1224979098644774912 
1.000000  46 2147483685 0 32 2 144115188075856058 0 150 1 144115188075856058 2172 3 1224979098644774912 360287970189639680 2 527 3 1224979098644774913 144115188075856058 4 2147483680 2 1224979098644774913 1224979098644774912 527 3 1224979098644774914 144115188075856058 2 527 3 1224979098644774915 144115188075856058 3 31 2 1224979098644774915 0 2105 2 1224979098644774914 7 507 3 144115188075856058 2 1224979098644774914 30 2 1224979098644774914 1000 507 3 144115188075856058 3 1 2325 2 1 144115188075856058 2319 1 2 4 0 31 2 144115188075856058 288230376151711801 1521 3 360287970189639680 1369094286720630799 1 2320 2 2 1585267068834415252 5 0 31 2 144115188075856058 288230376151711802 1521 3 360287970189639680 1369094286720630791 1 2320 2 2 1585267068834415253 5 0 31 2 144115188075856058 288230376151711803 1521 3 360287970189639680 1369094286720630785 1 2320 2 2 1585267068834415254 5 0 31 2 144115188075856058 288230376151711804 1520 3 360287970189639680 2 1 2320 2 2 1585267068834415255 5 0 31 2 144115188075856058 288230376151711805 1521 3 360287970189639680 1369094286720630784 1 2320 2 2 1585267068834415256 5 0 31 2 144115188075856058 288230376151711806 1521 3 360287970189639680 1369094286720630811 1 2320 2 2 1585267068834415257 5 0 31 2 144115188075856058 288230376151711807 1521 3 360287970189639680 1369094286720630792 1 2320 2 2 1585267068834415258 3 0 1120 2 1585267068834415259 1585267068834415260 2133 2 144115188075856058 0 
12.000000  25 11 1 1224979098644774912 1073742365 3 1224979098644774912 0 20 541 3 1224979098644774912 0 17 2281 3 1224979098644774913 1224979098644774912 648518346341351424 4 0 32 2 1224979098644774913 30 1232 1 1224979098644774912 4 0 200 1 504403158265495586 2147483852 1 504403158265495586 546 3 504403158265495586 8 1224979098644774912 1 2 936748722493063434 504403158265495586 5 0 200 1 504403158265495587 2147483852 1 504403158265495587 546 3 504403158265495587 8 1224979098644774912 1 2 936748722493063434 504403158265495587 3 0 5 0 32 2 1224979098644774913 10 501 3 1224979098644774912 7 0 501 3 1224979098644774912 7 0 1640 2 1224979098644774912 0 3 0 3 0 
720.000000  18 6 3 1224979098644774912 648518346341351473 648518346341351501 541 3 1224979098644774912 7 360287970189639680 4 0 541 3 1224979098644774912 141 1 521 3 1224979098644774913 1224979098644774912 26 2105 2 1224979098644774913 1 2110 2 1224979098644774913 100 501 3 1224979098644774912 26 1224979098644774913 3 0 4 0 541 3 1224979098644774912 138 1 1 3 936748722493063476 1224979098644774912 1 3 0 4 0 541 3 1224979098644774912 139 1 1 3 936748722493063476 1224979098644774912 1 3 0 3 0 
24.000000  30 6 3 1224979098644774912 0 504403158265495603 4 0 200 1 1224979098644774912 4 0 2147483852 1 1224979098644774912 566 3 1224979098644774912 23 1 526 3 1224979098644774913 1224979098644774912 23 2106 2 1224979098644774913 1 4 0 31 2 1224979098644774913 0 1 3 936748722493063362 1224979098644774912 1 5 0 506 3 1224979098644774912 23 1224979098644774913 2133 2 72057594037927936 1224979098644774913 1113 4 1224979098644774912 7 1585267068834414825 0 3 0 3 0 5 0 566 3 1224979098644774912 25 1 526 3 1224979098644774914 1224979098644774912 25 2106 2 1224979098644774914 1 506 3 1224979098644774912 25 1224979098644774914 4 0 31 2 1224979098644774914 0 31 2 1224979098644774912 504403158265495554 500 3 360287970189640180 142 720575940379279457 500 3 360287970189640180 143 8 3 0 3 0 3 0 
6.000000  45 33 3 144115188075856154 432345564227567630 432345564227567656 31 2 144115188075856152 0 2147484190 3 144115188075856154 4 0 2147483848 1 504403158265495579 2147483848 1 504403158265495578 2147484214 3 504403158265495579 25 1 522 3 1224979098644774912 144115188075856154 7 32 2 1224979098644774912 0 520 3 1224979098644774913 1224979098644774912 10 32 2 1224979098644774913 0 2133 2 1224979098644774914 1 6 3 1224979098644774915 504403158265495557 504403158265495578 200 1 1224979098644774915 546 3 1224979098644774915 6 1224979098644774912 2133 2 1224979098644774914 0 3 0 31 2 1224979098644774914 1 6 3 1224979098644774915 504403158265495580 504403158265495583 200 1 1224979098644774915 2133 2 1224979098644774914 0 3 0 31 2 1224979098644774914 1 2171 2 1224979098644774916 360287970189639680 30 2 1224979098644774916 8 2133 2 1224979098644774917 2 6 3 1224979098644774918 648518346341351444 648518346341351501 541 3 1224979098644774918 7 360287970189639680 4 0 541 3 1224979098644774918 0 3 2105 2 1224979098644774917 3 5 0 541 3 1224979098644774918 0 2 2105 2 1224979098644774917 1 5 0 2105 2 1224979098644774917 1 3 0 3 0 2107 2 1224979098644774917 4 2110 2 1224979098644774917 60 506 3 504403158265495579 6 1224979098644774912 506 3 504403158265495579 2 1224979098644774912 506 3 504403158265495579 10 1224979098644774917 506 3 504403158265495579 23 4 506 3 504403158265495579 24 28 2060 1 864691128455135420 
3.000000  128 2133 2 144115188075856437 -1 200 2 504403158265495578 1 33 3 144115188075856154 432345564227567630 432345564227567656 2147484190 3 144115188075856154 4 0 522 3 1224979098644774912 144115188075856154 7 2147483679 2 1224979098644774912 360287970189639680 32 2 1224979098644774912 0 520 3 1224979098644774913 1224979098644774912 10 32 2 1224979098644774913 0 2281 3 1224979098644774914 1224979098644774913 648518346341351424 4 0 2147483678 2 1224979098644774914 15 2133 2 144115188075855951 0 2270 1 1224979098644774915 522 3 1224979098644774916 144115188075856154 6 2121 3 1224979098644774917 1224979098644774915 1224979098644774916 2133 2 1224979098644774918 -1 4 0 2136 3 1224979098644774919 0 100 2147483678 2 1224979098644774919 30 540 3 1224979098644774912 20 0 6 3 1224979098644774920 0 20 31 2 1224979098644774918 -1 2136 3 1224979098644774921 504403158265495580 504403158265495583 2147484214 3 1224979098644774921 25 1 4 0 31 2 1224979098644774921 504403158265495580 4 0 542 3 144115188075856154 4 2 32 2 1224979098644774917 120 2136 3 1224979098644774922 5 10 2133 2 1224979098644774918 1224979098644774921 506 3 1224979098644774918 10 1224979098644774922 506 3 1224979098644774918 23 10 506 3 1224979098644774918 24 30 3 0 5 0 31 2 1224979098644774921 504403158265495581 4 0 542 3 144115188075856154 4 2 522 3 1224979098644774923 144115188075856154 5 33 3 1224979098644774923 648518346341351444 648518346341351473 1680 2 1224979098644774924 1224979098644774913 31 2 1224979098644774924 1224979098644774923 2133 2 1224979098644774918 1224979098644774921 506 3 1224979098644774918 1 1224979098644774923 506 3 1224979098644774918 23 2 506 3 1224979098644774918 24 15 3 0 5 0 31 2 1224979098644774921 504403158265495582 4 0 2133 2 1224979098644774925 100 2133 2 144115188075856438 -1 2133 2 144115188075856439 -1 2133 2 144115188075856440 -1 2133 2 1224979098644774926 0 6 3 1224979098644774920 0 1224979098644774925 4 0 2147483678 2 144115188075856438 0 1 3 936748722493063256 1224979098644774913 50 2133 2 144115188075856438 72057594037927936 3 0 4 0 2147483678 2 144115188075856439 0 1 3 936748722493063256 1224979098644774913 50 2147483679 2 144115188075856438 72057594037927936 2133 2 144115188075856439 72057594037927936 3 0 4 0 2147483678 2 144115188075856440 0 1 3 936748722493063256 1224979098644774913 50 2147483679 2 144115188075856438 72057594037927936 2147483679 2 144115188075856439 72057594037927936 2133 2 144115188075856440 72057594037927936 3 0 2147483679 2 144115188075856438 144115188075856439 2147483679 2 144115188075856438 144115188075856439 2147483679 2 144115188075856439 144115188075856440 30 2 144115188075856438 0 30 2 144115188075856439 0 30 2 144115188075856440 0 2133 2 1224979098644774925 0 2133 2 1224979098644774926 1 3 0 31 2 1224979098644774926 1 2133 2 144115188075856441 0 2133 2 144115188075856442 0 2133 2 144115188075856443 0 2133 2 1224979098644774918 1224979098644774921 506 3 1224979098644774918 23 7 506 3 1224979098644774918 24 25 3 0 3 0 3 0 4 0 2147483679 2 1224979098644774918 -1 506 3 1224979098644774918 11 0 506 3 1224979098644774918 6 1224979098644774912 4 0 31 2 1224979098644774918 504403158265495581 2060 1 864691128455135422 5 0 2133 2 144115188075856437 1224979098644774918 506 3 144115188075856437 6 1224979098644774912 2060 1 864691128455135421 3 0 3 0 3 0 5 0 2105 2 144115188075855951 1 4 0 2147483678 2 144115188075855951 12 4 0 2119 3 1224979098644774927 144115188075855951 4 31 2 1224979098644774927 0 2341 2 1 1224979098644774912 4 0 2147483678 2 144115188075855951 8 1106 1 1585267068834415261 5 0 1106 1 1585267068834415262 3 0 3 0 5 0 2060 1 864691128455135423 3 0 3 0 
0.500000  8 200 1 504403158265495586 2147483852 1 504403158265495586 526 3 1224979098644774912 504403158265495586 8 526 3 1224979098644774913 504403158265495586 1 2281 3 1224979098644774914 1224979098644774912 1224979098644774913 2147483678 2 1224979098644774914 3 1232 1 1224979098644774912 1 2 936748722493063433 504403158265495586 
0.500000  8 200 1 504403158265495587 2147483852 1 504403158265495587 526 3 1224979098644774912 504403158265495587 8 526 3 1224979098644774913 504403158265495587 1 2281 3 1224979098644774914 1224979098644774912 1224979098644774913 2147483678 2 1224979098644774914 3 1232 1 1224979098644774912 1 2 936748722493063433 504403158265495587 
2.000000  12 6 3 1224979098644774912 360287970189639900 360287970189639964 520 3 1224979098644774913 1224979098644774912 10 30 2 1224979098644774913 1 541 3 1224979098644774913 31 1 2270 1 1224979098644774914 2147484209 3 1224979098644774913 32 1224979098644774914 501 3 1224979098644774913 30 -1 501 3 1224979098644774913 31 0 2133 2 1224979098644774915 200 2120 3 1224979098644774916 1224979098644774914 1224979098644774915 501 3 1224979098644774913 33 1224979098644774916 3 0 
0.500000  34 4 0 200 1 504403158265495598 2147483850 1 504403158265495598 526 3 1224979098644774912 504403158265495598 1 526 3 1224979098644774913 504403158265495598 10 526 3 1224979098644774914 504403158265495598 11 2121 3 1224979098644774915 1224979098644774913 1224979098644774914 1 3 936748722493063518 1224979098644774912 1224979098644774915 2105 2 1224979098644774914 72057594037927936 506 3 504403158265495598 11 1224979098644774914 2147483680 2 1224979098644774913 1224979098644774914 1 2 936748722493063433 504403158265495598 3 0 4 0 200 1 504403158265495580 2147483850 1 504403158265495580 526 3 1224979098644774916 504403158265495580 6 520 3 1224979098644774917 1224979098644774916 10 4 0 32 2 1224979098644774917 0 526 3 1224979098644774913 504403158265495580 10 526 3 1224979098644774914 504403158265495580 11 2121 3 1224979098644774915 1224979098644774913 1224979098644774914 1 3 936748722493063518 1224979098644774917 1224979098644774915 2105 2 1224979098644774914 72057594037927936 506 3 504403158265495580 11 1224979098644774914 4 0 2147483680 2 1224979098644774913 1224979098644774914 1 2 936748722493063433 504403158265495580 3 0 5 0 1 3 936748722493063362 504403158265495580 0 3 0 3 0 
1.000000  14 2147483685 0 200 1 504403158265495599 2147483852 1 504403158265495599 31 2 144115188075856117 1 2105 2 144115188075856444 1 1 2 936748722493063466 1369094286720630801 2133 2 1224979098644774912 72057594037927936 2121 3 1224979098644774913 20 1224979098644774912 2107 2 1224979098644774913 3 2108 2 1224979098644774913 5 30 2 144115188075856444 1224979098644774913 2133 2 144115188075856444 0 1030 3 0 0 0 2060 1 864691128455135374 
1.000000  30 200 1 504403158265495582 2147483850 1 504403158265495582 4 0 31 2 144115188075856441 0 2281 3 1224979098644774912 144115188075856438 648518346341351424 2147483680 2 1224979098644774912 3 2133 2 144115188075856441 1 2342 2 1 144115188075856438 1106 1 1585267068834415263 3 0 4 0 31 2 144115188075856442 0 2281 3 1224979098644774912 144115188075856439 648518346341351424 2147483680 2 1224979098644774912 3 2133 2 144115188075856442 1 2342 2 1 144115188075856439 1106 1 1585267068834415263 3 0 4 0 31 2 144115188075856443 0 2281 3 1224979098644774912 144115188075856440 648518346341351424 2147483680 2 1224979098644774912 3 2133 2 144115188075856443 1 2342 2 1 144115188075856440 1106 1 1585267068834415263 3 0 31 2 144115188075856441 1 31 2 144115188075856442 1 31 2 144115188075856443 1 1 2 936748722493063433 504403158265495582 
3.000000  7 2147483685 0 200 1 504403158265495567 546 3 504403158265495567 11 0 506 3 504403158265495567 11 1 1030 3 0 0 0 2133 2 144115188075855992 144115188075855986 2133 2 144115188075856127 864691128455135442 
1.000000  55 2147483685 0 200 1 504403158265495562 31 2 144115188075856152 0 31 2 144115188075856116 1 526 3 1224979098644774912 504403158265495562 11 1073741855 2 1224979098644774912 1 1073741855 2 1224979098644774912 2 31 2 1224979098644774912 3 526 3 1224979098644774913 504403158265495562 10 2106 2 1224979098644774913 1 506 3 504403158265495562 10 1224979098644774913 1 2 936748722493063466 1369094286720630784 4 0 2147483678 2 1224979098644774913 0 2133 2 1224979098644774912 4 506 3 504403158265495562 11 4 1030 3 0 0 0 2060 1 864691128455135368 5 0 2133 2 1224979098644774914 144115188075856136 521 3 1224979098644774915 144115188075856142 50 2120 3 1224979098644774916 30 1224979098644774915 2107 2 1224979098644774914 1224979098644774916 2108 2 1224979098644774914 80 4 0 31 2 144115188075856139 1 2108 2 1224979098644774914 2 3 0 2111 2 1224979098644774914 2 2136 3 1224979098644774917 1 1224979098644774914 526 3 1224979098644774918 504403158265495562 22 2105 2 1224979098644774918 1224979098644774917 506 3 504403158265495562 22 1224979098644774918 1 3 936748722493063479 360287970189639680 1224979098644774917 3 0 4 0 31 2 1224979098644774912 1 2106 2 144115188075856137 1 2147483680 2 144115188075856137 0 506 3 504403158265495562 11 2 2060 1 864691128455135371 5 0 31 2 1224979098644774912 2 2106 2 144115188075856138 1 2147483680 2 144115188075856138 0 31 2 144115188075856139 0 506 3 504403158265495562 11 3 2123 3 1224979098644774919 10000 144115188075856135 2105 2 1224979098644774919 30 2136 3 1224979098644774920 0 1000 4 0 2147483678 2 1224979098644774920 1224979098644774919 2060 1 864691128455135372 3 0 3 0 
72.000000  9 32 2 144115188075856025 0 32 2 144115188075856026 0 4 0 2190 3 1224979098644774912 144115188075856025 144115188075856026 2147483678 2 1224979098644774912 0 1 4 936748722493063339 144115188075856025 144115188075856026 1 3 0 2133 2 144115188075856025 0 2133 2 144115188075856026 0 
1.000000  46 4 0 32 2 144115188075855884 0 4 0 110 1 144115188075855884 2147483679 2 144115188075856152 1 1025 1 144115188075855884 5 0 2133 2 144115188075855884 0 3 0 5 0 32 2 144115188075855937 0 31 2 144115188075856365 0 4 0 110 1 144115188075855937 2147483679 2 144115188075856152 1 2133 2 144115188075856416 61 1025 1 144115188075855937 5 0 2133 2 144115188075855937 0 3 0 5 0 32 2 144115188075855882 0 31 2 144115188075856365 0 520 3 1224979098644774912 144115188075855882 71 4 0 110 1 144115188075855882 110 1 1224979098644774912 2147483679 2 144115188075856152 1 2133 2 144115188075856416 72 1025 1 144115188075855882 5 0 2133 2 144115188075855882 0 3 0 5 0 31 2 144115188075855940 0 6 3 1224979098644774913 360287970189639881 360287970189639899 110 1 1224979098644774913 540 3 1224979098644774913 78 0 520 3 1224979098644774914 1224979098644774913 60 32 2 1224979098644774914 0 2281 3 1224979098644774915 1224979098644774914 648518346341351424 2147483678 2 1224979098644774915 7 2133 2 144115188075856416 60 1025 1 1224979098644774913 3 0 3 0 
4.000000  50 6 3 1224979098644774912 360287970189639900 360287970189639964 560 3 1224979098644774912 55 1 2173 2 1224979098644774913 1224979098644774912 520 3 1224979098644774914 1224979098644774912 55 520 3 1224979098644774915 1224979098644774912 10 2133 2 1224979098644774916 0 4 0 2147483680 2 1224979098644774915 0 2147484208 3 1224979098644774912 8 0 2133 2 1224979098644774916 1 5 0 32 2 1224979098644774915 0 1694 2 1224979098644774917 1224979098644774915 4 0 2147483678 2 1224979098644774917 0 1665 2 1224979098644774917 1224979098644774915 3 0 3221225505 3 1224979098644774917 648518346341351444 648518346341351501 541 3 1224979098644774917 7 1224979098644774912 2133 2 1224979098644774918 360287970189639964 6 3 1224979098644774919 360287970189639900 1224979098644774918 520 3 1224979098644774920 1224979098644774919 10 32 2 1224979098644774920 0 2204 2 1224979098644774921 1224979098644774920 31 2 1224979098644774921 1224979098644774913 2281 3 1224979098644774922 1224979098644774915 1224979098644774920 2147483678 2 1224979098644774922 4 2133 2 1224979098644774918 0 3 0 2147483679 2 1224979098644774918 0 2133 2 1224979098644774916 1 3 0 31 2 1224979098644774916 1 1 3 936748722493063279 1224979098644774912 1224979098644774914 500 3 1224979098644774912 55 0 4 0 33 3 1224979098644774914 432345564227567630 432345564227567656 2341 2 1 1224979098644774912 2343 2 2 1224979098644774913 2343 2 3 1224979098644774914 1106 1 1585267068834415264 4 0 31 2 1224979098644774913 144115188075856154 1 4 936748722493063343 864691128455135436 1224979098644774912 1224979098644774914 5 0 31 2 1224979098644774914 144115188075856154 1 4 936748722493063343 864691128455135437 1224979098644774912 1224979098644774913 3 0 3 0 3 0 
0.100000  0 
24.000000  3 2147483848 1 504403158265495563 2147484214 3 504403158265495563 25 1 1 1 936748722493063548 
6.000000  3 2147483848 1 504403158265495564 2133 2 144115188075856009 0 1 1 936748722493063549 
1.000000  11 31 2 0 1 2136 3 1224979098644774912 360287970189639900 360287970189639964 2136 3 1224979098644774913 432345564227567630 432345564227567656 2173 2 1224979098644774914 1224979098644774912 2147483679 2 1224979098644774914 1224979098644774913 542 3 1224979098644774913 21 0 500 3 1224979098644774912 55 1224979098644774913 2322 2 1 1224979098644774912 2335 2 2 1224979098644774914 2335 2 3 1224979098644774913 1106 1 1585267068834415265 
8.000000  45 11 1 1224979098644774912 1609 2 1224979098644774913 1224979098644774912 31 2 1224979098644774913 576460752303423532 131 1 1224979098644774912 4 0 2136 3 1224979098644774914 0 100 2147483678 2 1224979098644774914 35 1665 2 1224979098644774915 1224979098644774912 2133 2 1224979098644774916 1 4 0 33 3 1224979098644774915 648518346341351444 648518346341351473 2147484189 3 1224979098644774915 54 -1 2133 2 1224979098644774916 0 3 0 31 2 1224979098644774916 1 2133 2 1224979098644774917 0 4 0 521 3 1224979098644774918 1224979098644774912 4 31 2 1224979098644774918 13 521 3 1224979098644774919 1224979098644774912 5 31 2 1224979098644774915 1224979098644774919 2133 2 1224979098644774917 1 3 0 2133 2 1224979098644774920 -1 4 0 31 2 144115188075856005 1224979098644774912 2147483778 2 1224979098644774912 144115188075856004 2133 2 1224979098644774920 144115188075856004 5 0 2136 3 72057594037927936 648518346341351444 648518346341351450 2133 2 1224979098644774920 72057594037927936 3 0 33 3 1224979098644774920 648518346341351444 648518346341351461 2147483778 2 1224979098644774912 1224979098644774920 4 0 31 2 1224979098644774917 1 1 3 936748722493063208 1224979098644774912 1224979098644774915 3 0 1640 2 1224979098644774912 1 1641 2 1224979098644774912 1224979098644774920 1603 3 1224979098644774912 65536 0 501 3 1224979098644774912 4 13 501 3 1224979098644774912 5 1224979098644774920 3 0 3 0 
8.000000  13 11 1 1224979098644774912 1609 2 1224979098644774913 1224979098644774912 31 2 1224979098644774913 576460752303423533 4 0 131 1 1224979098644774912 1232 1 1224979098644774912 3 0 2281 3 1224979098644774914 0 1224979098644774912 32 2 1224979098644774914 10 521 3 1224979098644774915 1224979098644774912 123 1640 2 1224979098644774912 1 1641 2 1224979098644774912 1224979098644774915 3 0 
1.000000  37 6 3 1224979098644774912 288230376151711844 288230376151711854 4 0 2165 3 1224979098644774913 1224979098644774912 360287970189639680 32 2 1224979098644774913 0 527 3 1224979098644774914 1224979098644774912 11 2105 2 1224979098644774914 1 507 3 1224979098644774912 11 1224979098644774914 5 0 507 3 1224979098644774912 11 0 3 0 4 0 2165 3 1224979098644774913 1224979098644774912 360287970189639680 2165 3 1224979098644774915 1224979098644774912 360287970189640194 31 2 1224979098644774913 0 31 2 1224979098644774915 0 2133 2 1224979098644774916 0 6 3 1224979098644774917 0 360287970189640310 2133 2 1224979098644774918 0 4 0 33 3 1224979098644774917 360287970189640305 360287970189640307 2133 2 1224979098644774918 1 5 0 33 3 1224979098644774917 360287970189639985 360287970189640001 2133 2 1224979098644774918 1 5 0 33 3 1224979098644774917 360287970189640002 360287970189640013 2133 2 1224979098644774918 1 3 0 31 2 1224979098644774918 0 2165 3 1224979098644774913 1224979098644774912 1224979098644774917 1531 2 1224979098644774917 1224979098644774912 2133 2 1224979098644774916 1 3 0 31 2 1224979098644774916 1 1530 2 360287970189640194 1224979098644774912 3 0 3 0 
720.000000  1 1528 2 360287970189639680 144115188075855913 
0.000000  3 32 2 144115188075856064 -1 900 1 144115188075856064 2133 2 144115188075856064 -1 
0.100000  1 1 1 936748722493063558 
0.100000  26 6 3 1224979098644774912 0 576460752303423567 520 3 1224979098644774913 360287970189640255 1224979098644774912 2302 2 1224979098644774914 1224979098644774912 32 2 1224979098644774914 1224979098644774913 4 0 31 2 144115188075855926 1 500 3 360287970189640255 1224979098644774912 1224979098644774914 5 0 520 3 1224979098644774915 360287970189640256 1224979098644774912 2121 3 1224979098644774916 1224979098644774914 1224979098644774913 2107 2 1224979098644774915 1224979098644774916 1 3 936748722493063323 432345564227567617 1224979098644774915 520 3 1224979098644774917 360287970189640257 1224979098644774912 4 0 32 2 1224979098644774917 0 520 3 1224979098644774915 360287970189640258 1224979098644774912 2107 2 1224979098644774915 1224979098644774916 1 3 936748722493063323 1224979098644774917 1224979098644774915 3 0 520 3 1224979098644774915 360287970189640259 1224979098644774912 2107 2 1224979098644774915 1224979098644774916 1 2 936748722493063328 1224979098644774915 500 3 360287970189640255 1224979098644774912 1224979098644774914 3 0 3 0 2133 2 144115188075855926 0 
1.000000  1 1 1 936748722493063563 
1.000000  27 2133 2 1224979098644774912 1 2133 2 1224979098644774913 -1 4 0 31 2 144115188075856163 1 2311 2 1224979098644774913 576460752303423515 5 0 31 2 144115188075856163 2 2311 2 1224979098644774913 576460752303423516 5 0 2133 2 1224979098644774912 0 3 0 31 2 1224979098644774912 1 2133 2 144115188075855956 1224979098644774913 1021 1 144115188075855956 2133 2 144115188075856152 1 2136 3 1224979098644774914 36 60 1 1 936748722493063484 1 2 936748722493063495 1224979098644774914 2133 2 144115188075855955 864691128455135409 2149 2 1224979098644774915 360287970189639680 1529 2 360287970189639680 1224979098644774915 1 2 936748722493063577 360287970189639680 1530 2 360287970189639680 288230376151712008 1530 2 360287970189639680 288230376151712140 1530 2 360287970189639680 288230376151712220 1533 1 360287970189639680 2133 2 144115188075856163 0 
336.000000  23 2133 2 1224979098644774912 0 6 3 1224979098644774913 432345564227567630 432345564227567656 542 3 1224979098644774913 21 0 2147483679 2 1224979098644774913 432345564227567630 1 2 936748722493063562 1224979098644774913 2120 3 1224979098644774912 1224979098644774912 72057594037927937 3 0 6 3 1224979098644774914 432345564227567658 432345564227567661 542 3 1224979098644774914 21 0 2147483679 2 1224979098644774914 432345564227567630 1 2 936748722493063562 1224979098644774914 2120 3 1224979098644774912 1224979098644774912 72057594037927937 3 0 6 3 1224979098644774914 432345564227567617 432345564227567620 542 3 1224979098644774914 21 0 2147483679 2 1224979098644774914 432345564227567630 1 2 936748722493063562 1224979098644774914 2120 3 1224979098644774912 1224979098644774912 72057594037927937 3 0 4 0 32 2 1224979098644774912 0 2060 1 864691128455135266 3 0 
2.000000  42 4 0 30 2 144115188075856381 25 2133 2 1224979098644774912 648518346341351514 2133 2 1224979098644774913 576460752303423524 5 0 2147483680 2 144115188075856381 -25 2133 2 1224979098644774912 648518346341351513 2133 2 1224979098644774913 576460752303423523 5 0 2133 2 1224979098644774912 0 2133 2 1224979098644774913 0 3 0 4 0 2147483679 2 1224979098644774912 0 31 2 144115188075856152 0 2310 2 1224979098644774914 1224979098644774913 31 2 1224979098644774914 0 4 0 2147483680 2 144115188075856446 0 2281 3 1224979098644774915 648518346341351424 1224979098644774912 32 2 1224979098644774915 10 1625 2 1 648518346341351424 1 3 936748722493063367 4 5 1626 2 1224979098644774912 2 2133 2 144115188075856445 0 2133 2 144115188075856162 0 1603 3 1224979098644774912 256 1 4 0 31 2 144115188075856044 1 1106 1 1585267068834415266 3 0 5 0 2106 2 144115188075856446 1 2133 2 72057594037927937 144115188075856446 4 0 31 2 144115188075856044 1 1106 1 1585267068834415267 3 0 3 0 3 0 1 2 936748722493063599 576460752303423523 1 2 936748722493063599 576460752303423524 
0.300000  54 4 0 30 2 144115188075856381 25 2133 2 1224979098644774912 648518346341351514 2133 2 1224979098644774913 576460752303423524 5 0 2147483680 2 144115188075856381 -25 2133 2 1224979098644774912 648518346341351513 2133 2 1224979098644774913 576460752303423523 5 0 2133 2 1224979098644774912 0 2133 2 1224979098644774913 0 3 0 4 0 2147483679 2 1224979098644774912 0 31 2 144115188075856445 0 31 2 144115188075856152 0 4 0 2281 3 1224979098644774914 648518346341351424 1224979098644774912 2147483680 2 1224979098644774914 1 4 0 31 2 144115188075856044 1 1106 1 1585267068834415268 3 0 2133 2 1224979098644774915 144115188075856381 2113 1 1224979098644774915 2110 2 1224979098644774915 100 2133 2 144115188075856446 125 2106 2 144115188075856446 1224979098644774915 2133 2 144115188075856445 1 1603 3 1224979098644774912 256 1 1 2 936748722493063600 1224979098644774913 3 0 3 0 4 0 2147483679 2 1224979098644774912 0 31 2 144115188075856162 0 31 2 144115188075856445 0 31 2 144115188075856152 0 4 0 1685 3 1224979098644774916 648518346341351424 1369094286720630797 2108 2 1224979098644774916 2 2281 3 1224979098644774914 648518346341351424 1224979098644774912 2147483680 2 1224979098644774914 1224979098644774916 1106 1 1585267068834415269 2133 2 1224979098644774915 144115188075856381 2113 1 1224979098644774915 2110 2 1224979098644774915 100 2133 2 144115188075856446 125 2106 2 144115188075856446 1224979098644774915 2108 2 144115188075856446 3 2133 2 144115188075856162 1 1603 3 1224979098644774912 256 0 3 0 3 0 
0.300000  14 31 2 144115188075856152 1 541 3 144115188075855956 0 21 2290 2 1224979098644774912 144115188075855956 31 2 1224979098644774912 1 2291 2 1224979098644774913 144115188075855956 1625 2 1 144115188075855956 1625 2 2 1224979098644774913 710 3 1224979098644774914 1 2 2147483678 2 1224979098644774914 50 4 0 31 2 144115188075856044 1 1106 1 1585267068834415270 3 0 2060 1 864691128455135411 
