3
1
6
1
2
1
1
1
5
5
6
5
4
893
49
164
107
53
81
38
5
1
5
32
5
5
1
2
1
1
2
3
8
11
1
12
3
0
2
54
1
3
2
2
12
2
3
1
1
1
2
8
11
6
1
5
2
6
33
1
1
1
76
12
52
6
4
3
1
6
1
5
1
5
3
4
6
5
9
3
8
3
2
4
23
3
7
11
1
3
1
1
8
1
3
1
1
1
2
6
7
3
10
5
2
9
18
21
1
4
2
4
144
2
2
16
17
10
10
10
4
3
7
4
4
4
8
3
8
10
2
2
8
6
3
1
2
1
1
1
1
1
1
5
1
5
2
2
1
5
1
2
3
3
3
23
1
2
2
2
2
2
1
1
1
1
42
2
2
1
2
9
62
12
33
23
22
12
82
15
4
13
4
3
295
12
18
3
1
11
9
3
2
5
37
29
6
6
6
2
7
162
10
10
1
3
2
1
8
1
1
1
2
1
2
2
5
6
3
482
13
14
4
8
2
2
3
2
5
3
1
11
1
1
4
5
2
12
1
2
1
2
1
6
1
1
2
8
3
4
2
7
9
4
2
2
1
1
3
4
3
9
3
6
1
1
1
5
6
1
563
1
1
11
1
1
5
16
4
16
18
4
240
2
1
16
8
16
16
8
7
2
12
49
49
100
1
147
50
1
1
1
1
1
1
1
3
5
3
1
12
23
9
1
7
11
5
10
34
22
34
16
2
2
4
9
3
8
10
3
6
1
7
1
1
1
1
1
1
3
5
3
2
1
12
1
1
1
1
1
1
1
1
1
5
1
25
2
2
2
2
2
1
1
13
1
1
1
1
1
1
1
1
8
1
1
1
1
1
1
1
3
1
8
10
10
10
10
13
7
7
7
7
6
6
6
1
1
1
1
1
1
1
1
1
37
1
2
4
4
33
29
22
20
5
5
5
6
6
5
5
5
16
16
4
6
2
2
13
11
4
6
2
2
11
9
4
3
2
2
9
5
4
3
2
2
15
2
1
2
2
1
5
5
5
4
4
4
4
4
4
4
4
4
2
2
2
2
2
2
2
2
2
5
6
5
5
4
4
4
6
6
6
5
4
4
4
4
2
4
2
1
1
11
16
79
20
3
44
2
1
2
4
1
3
1
3
6
26
30
2
2
3
3
4
12
5
2
3
6
2
2
2
15
14
3
3
3
5
4
2
3
6
1
4
2
2
2
1
1
1
1
4
4
5
6
1
2
2
4
4
1
4
13
4
1
1
52
17
1
1
1
3
3
17
9
11
11
8
2
2
2
2
2
2
